geometry,target,edges,coeff,fci,energy
"[[0.  0.  0. ]
 [0.  0.  0.5]
 [0.  0.  1. ]
 [0.  0.  1.5]]",[-0.08598088 -0.08598088],"[[(0, 1), (2, 3)], [(0, 3), (1, 2)], [(0, 2), (1, 3)]]","[[ 0.72775005 -0.65643763 -0.13306649  0.14752224]
 [ 0.65643763  0.72775005  0.14752224  0.13306649]
 [ 0.14752224 -0.13306649  0.65643763 -0.72775005]
 [-0.13306649 -0.14752224  0.72775005  0.65643763]]",-1.6531169519401026,-1.6151628581830253
"[[0.         0.         0.        ]
 [0.         0.         0.502002  ]
 [0.         0.         1.004004  ]
 [0.         0.         1.50600601]]",[-0.08115987 -0.08115725],"[[(0, 1), (2, 3)], [(0, 3), (1, 2)], [(0, 2), (1, 3)]]","[[ 0.72600766 -0.64118725 -0.16452982  0.18633765]
 [ 0.64117584  0.7259975   0.18637725  0.16457426]
 [ 0.18630304 -0.16456901  0.64119673 -0.72599929]
 [-0.16461345 -0.18634263  0.72598913  0.64118532]]",-1.66163962703068,-1.6506500759579255
"[[0.         0.         0.        ]
 [0.         0.         0.504004  ]
 [0.         0.         1.00800801]
 [0.         0.         1.51201201]]",[-0.0869891 -0.0869891],"[[(0, 1), (2, 3)], [(0, 3), (1, 2)], [(0, 2), (1, 3)]]","[[ 0.72748127 -0.65673549 -0.13312687  0.14746775]
 [ 0.65673549  0.72748127  0.14746775  0.13312687]
 [ 0.14746775 -0.13312687  0.65673549 -0.72748127]
 [-0.13312687 -0.14746775  0.72748127  0.65673549]]",-1.6700371900103477,-1.6329840232420585
"[[0.         0.         0.        ]
 [0.         0.         0.50600601]
 [0.         0.         1.01201201]
 [0.         0.         1.51801802]]",[-0.08749483 -0.08749483],"[[(0, 1), (2, 3)], [(0, 3), (1, 2)], [(0, 2), (1, 3)]]","[[ 0.72734736 -0.65688379 -0.13315694  0.14744061]
 [ 0.65688379  0.72734736  0.14744061  0.13315694]
 [ 0.14744061 -0.13315694  0.65688379 -0.72734736]
 [-0.13315694 -0.14744061  0.72734736  0.65688379]]",-1.6783159224054014,-1.6416926423301357
"[[0.         0.         0.        ]
 [0.         0.         0.50800801]
 [0.         0.         1.01601602]
 [0.         0.         1.52402402]]",[-0.08270468 -0.08270736],"[[(0, 1), (2, 3)], [(0, 3), (1, 2)], [(0, 2), (1, 3)]]","[[ 0.72556691 -0.64198218 -0.16423436  0.18557643]
 [ 0.64199331  0.72557678  0.18553786  0.16419082]
 [ 0.18560938 -0.16419711  0.64197327 -0.72557479]
 [-0.16415357 -0.18557082  0.72558465  0.64198441]]",-1.686479625912419,-1.6754211035020705
"[[0.         0.         0.        ]
 [0.         0.         0.51001001]
 [0.         0.         1.02002002]
 [0.         0.         1.53003003]]",[-0.08851084 -0.08851083],"[[(0, 1), (2, 3)], [(0, 3), (1, 2)], [(0, 2), (1, 3)]]","[[ 0.72707875 -0.65718109 -0.1332172   0.14738616]
 [ 0.65718109  0.72707875  0.14738616  0.1332172 ]
 [ 0.14738616 -0.1332172   0.65718109 -0.72707875]
 [-0.1332172  -0.14738616  0.72707875  0.65718109]]",-1.6945338731438078,-1.6587656760456708
"[[0.         0.         0.        ]
 [0.         0.         0.51201201]
 [0.         0.         1.02402402]
 [0.         0.         1.53603604]]",[-0.08375031 -0.08374843],"[[(0, 1), (2, 3)], [(0, 3), (1, 2)], [(0, 2), (1, 3)]]","[[ 0.72530139 -0.64251117 -0.16391308  0.18506698]
 [ 0.64250219  0.72529355  0.1850977   0.1639483 ]
 [ 0.18504061 -0.16394283  0.64251805 -0.7252953 ]
 [-0.16397806 -0.18507133  0.72528746  0.64250907]]",-1.7024750648946574,-1.6913702571404508
"[[0.         0.         0.        ]
 [0.         0.         0.51401401]
 [0.         0.         1.02802803]
 [0.         0.         1.54204204]]",[-0.08427376 -0.08427376],"[[(0, 1), (2, 3)], [(0, 3), (1, 2)], [(0, 2), (1, 3)]]","[[ 0.72515395 -0.64277441 -0.16381868  0.18481408]
 [ 0.64277441  0.72515395  0.18481408  0.16381868]
 [ 0.18481408 -0.16381868  0.64277441 -0.72515395]
 [-0.16381868 -0.18481408  0.72515395  0.64277441]]",-1.7103001749980038,-1.6991728681014295
"[[0.         0.         0.        ]
 [0.         0.         0.51601602]
 [0.         0.         1.03203203]
 [0.         0.         1.54804805]]",[-0.09005116 -0.09005117],"[[(0, 1), (2, 3)], [(0, 3), (1, 2)], [(0, 2), (1, 3)]]","[[ 0.72667656 -0.65762579 -0.13330735  0.14730463]
 [ 0.65762579  0.72667656  0.14730463  0.13330735]
 [ 0.14730463 -0.13330735  0.65762579 -0.72667656]
 [-0.13330735 -0.14730463  0.72667656  0.65762579]]",-1.7180139656898215,-1.683465230328752
"[[0.         0.         0.        ]
 [0.         0.         0.51801802]
 [0.         0.         1.03603604]
 [0.         0.         1.55405405]]",[-0.08532843 -0.08533043],"[[(0, 1), (2, 3)], [(0, 3), (1, 2)], [(0, 2), (1, 3)]]","[[ 0.72486669 -0.64329701 -0.16360183  0.18431406]
 [ 0.643306    0.7248745   0.18428338  0.16356649]
 [ 0.1843398  -0.16357281  0.64329037 -0.72487259]
 [-0.16353748 -0.18430913  0.72488039  0.64329936]]",-1.7256213112313112,-1.7144481259487938
"[[0.         0.         0.        ]
 [0.         0.         0.52002002]
 [0.         0.         1.04004004]
 [0.         0.         1.56006006]]",[-0.0910878 -0.0910878],"[[(0, 1), (2, 3)], [(0, 3), (1, 2)], [(0, 2), (1, 3)]]","[[ 0.72640837 -0.65792201 -0.13336739  0.14725027]
 [ 0.65792201  0.72640837  0.14725027  0.13336739]
 [ 0.14725027 -0.13336739  0.65792201 -0.72640837]
 [-0.13336739 -0.14725027  0.72640837  0.65792201]]",-1.73312631663787,-1.6993612274150336
"[[0.         0.         0.        ]
 [0.         0.         0.52202202]
 [0.         0.         1.04404404]
 [0.         0.         1.56606607]]",[-0.08639542 -0.08639331],"[[(0, 1), (2, 3)], [(0, 3), (1, 2)], [(0, 2), (1, 3)]]","[[ 0.72460018 -0.64382039 -0.16329019  0.18381022]
 [ 0.64381137  0.72459237  0.18384102  0.16332576]
 [ 0.18378477 -0.16331884  0.6438269  -0.7245944 ]
 [-0.16335441 -0.18381556  0.72458659  0.64381787]]",-1.7405259928449022,-1.7293069025758399
"[[0.         0.         0.        ]
 [0.         0.         0.52402402]
 [0.         0.         1.04804805]
 [0.         0.         1.57207207]]",[-0.09213257 -0.09213258],"[[(0, 1), (2, 3)], [(0, 3), (1, 2)], [(0, 2), (1, 3)]]","[[ 0.72614037 -0.65821779 -0.13342735  0.14719594]
 [ 0.65821779  0.72614037  0.14719594  0.13342735]
 [ 0.14719594 -0.13342735  0.65821779 -0.72614037]
 [-0.13342735 -0.14719594  0.72614037  0.65821779]]",-1.7478178837029255,-1.714809439274673
"[[0.         0.         0.        ]
 [0.         0.         0.52602603]
 [0.         0.         1.05205205]
 [0.         0.         1.57807808]]",[-0.09265895 -0.09265895],"[[(0, 1), (2, 3)], [(0, 3), (1, 2)], [(0, 2), (1, 3)]]","[[ 0.72600684 -0.65836507 -0.13345721  0.14716887]
 [ 0.65836507  0.72600684  0.14716887  0.13345721]
 [ 0.14716887 -0.13345721  0.65836507 -0.72600684]
 [-0.13345721 -0.14716887  0.72600684  0.65836507]]",-1.7550053460519308,-1.722357539441988
"[[0.         0.         0.        ]
 [0.         0.         0.52802803]
 [0.         0.         1.05605606]
 [0.         0.         1.58408408]]",[-0.08800547 -0.08800774],"[[(0, 1), (2, 3)], [(0, 3), (1, 2)], [(0, 2), (1, 3)]]","[[ 0.72416791 -0.64459694 -0.16297956  0.18306636]
 [ 0.64460608  0.72417579  0.1830352   0.16294337]
 [ 0.18309151 -0.1629513   0.6445906  -0.72417355]
 [-0.16291512 -0.18306035  0.72418143  0.64459974]]",-1.7620942496578271,-1.7508073621938334
"[[0.         0.         0.        ]
 [0.         0.         0.53003003]
 [0.         0.         1.06006006]
 [0.         0.         1.59009009]]",[-0.09371583 -0.09371592],"[[(0, 1), (2, 3)], [(0, 3), (1, 2)], [(0, 2), (1, 3)]]","[[ 0.72573917 -0.65866012 -0.13351702  0.14711461]
 [ 0.65866012  0.72573917  0.14711461  0.13351702]
 [ 0.14711461 -0.13351702  0.65866012 -0.72573917]
 [-0.13351702 -0.14711461  0.72573917  0.65866012]]",-1.7690873417016268,-1.7371575683947744
"[[0.         0.         0.        ]
 [0.         0.         0.53203203]
 [0.         0.         1.06406406]
 [0.         0.         1.5960961 ]]",[-0.0890772  -0.08910861],"[[(0, 1), (2, 3)], [(0, 3), (1, 2)], [(0, 2), (1, 3)]]","[[ 0.72390253 -0.64508265 -0.16267105  0.18267906]
 [ 0.64510621  0.72392352  0.1825958   0.16257766]
 [ 0.18254357 -0.16282308  0.64512068 -0.72386863]
 [-0.16272969 -0.18246032  0.72388964  0.64514423]]",-1.7759822030738235,-1.7646497851222767
"[[0.         0.         0.        ]
 [0.         0.         0.53403403]
 [0.         0.         1.06806807]
 [0.         0.         1.6021021 ]]",[-0.09478088 -0.09478089],"[[(0, 1), (2, 3)], [(0, 3), (1, 2)], [(0, 2), (1, 3)]]","[[ 0.72547173 -0.65895468 -0.13357673  0.1470604 ]
 [ 0.65895468  0.72547173  0.1470604   0.13357673]
 [ 0.1470604  -0.13357673  0.65895468 -0.72547173]
 [-0.13357673 -0.1470604   0.72547173  0.65895468]]",-1.7827769104084696,-1.7515403450604368
"[[0.         0.         0.        ]
 [0.         0.         0.53603604]
 [0.         0.         1.07207207]
 [0.         0.         1.60810811]]",[-0.09578249 -0.09578246],"[[(0, 1), (2, 3)], [(0, 3), (1, 2)], [(0, 2), (1, 3)]]","[[ 0.72533853 -0.6591013  -0.13360645  0.1470334 ]
 [ 0.6591013   0.72533853  0.1470334   0.13360645]
 [ 0.1470334  -0.13360645  0.6591013  -0.72533853]
 [-0.13360645 -0.1470334   0.72533853  0.6591013 ]]",-1.7894735203669772,-1.7585667649918375
"[[0.         0.         0.        ]
 [0.         0.         0.53803804]
 [0.         0.         1.07607608]
 [0.         0.         1.61411411]]",[-0.09073637 -0.09073717],"[[(0, 1), (2, 3)], [(0, 3), (1, 2)], [(0, 2), (1, 3)]]","[[ 0.72347292 -0.64588322 -0.16235979  0.18182708]
 [ 0.64589106  0.72347957  0.18180063  0.16232862]
 [ 0.18185759 -0.16232562  0.64587547 -0.72347985]
 [-0.16229445 -0.18183114  0.72348649  0.6458833 ]]",-1.796078826039615,-1.7846791867961438
"[[0.         0.         0.        ]
 [0.         0.         0.54004004]
 [0.         0.         1.08008008]
 [0.         0.         1.62012012]]",[-0.09639421 -0.09639415],"[[(0, 1), (2, 3)], [(0, 3), (1, 2)], [(0, 2), (1, 3)]]","[[ 0.72507159 -0.65939494 -0.13366597  0.14697929]
 [ 0.65939494  0.72507159  0.14697929  0.13366597]
 [ 0.14697929 -0.13366597  0.65939494 -0.72507159]
 [-0.13366597 -0.14697929  0.72507159  0.65939494]]",-1.802594318253604,-1.7723457203938422
"[[0.         0.         0.        ]
 [0.         0.         0.54204204]
 [0.         0.         1.08408408]
 [0.         0.         1.62612613]]",[-0.09184445 -0.09184369],"[[(0, 1), (2, 3)], [(0, 3), (1, 2)], [(0, 2), (1, 3)]]","[[ 0.72320977 -0.64639223 -0.16204752  0.18134307]
 [ 0.64638437  0.72320315  0.18136949  0.16207886]
 [ 0.18131186 -0.16208244  0.64640009 -0.72320275]
 [-0.16211378 -0.18133828  0.72319612  0.64639223]]",-1.8090181103567922,-1.7975733149477084
"[[0.         0.         0.        ]
 [0.         0.         0.54404404]
 [0.         0.         1.08808809]
 [0.         0.         1.63213213]]",[-0.09747902 -0.09747905],"[[(0, 1), (2, 3)], [(0, 3), (1, 2)], [(0, 2), (1, 3)]]","[[ 0.72480498 -0.65968798 -0.13372537  0.14692524]
 [ 0.65968798  0.72480498  0.14692524  0.13372537]
 [ 0.14692524 -0.13372537  0.65968798 -0.72480498]
 [-0.13372537 -0.14692524  0.72480498  0.65968798]]",-1.8153487769513568,-1.7857351196230211
"[[0.         0.         0.        ]
 [0.         0.         0.54604605]
 [0.         0.         1.09209209]
 [0.         0.         1.63813814]]",[-0.09747902 -0.09747905],"[[(0, 1), (2, 3)], [(0, 3), (1, 2)], [(0, 2), (1, 3)]]","[[ 0.72467217 -0.65983387 -0.13375495  0.14689832]
 [ 0.65983387  0.72467217  0.14689832  0.13375495]
 [ 0.14689832 -0.13375495  0.65983387 -0.72467217]
 [-0.13375495 -0.14689832  0.72467217  0.65983387]]",-1.8215871718703927,-1.7922751896259117
"[[0.         0.         0.        ]
 [0.         0.         0.54804805]
 [0.         0.         1.0960961 ]
 [0.         0.         1.64414414]]",[-0.09351903 -0.09351981],"[[(0, 1), (2, 3)], [(0, 3), (1, 2)], [(0, 2), (1, 3)]]","[[ 0.72278285 -0.64715313 -0.16174088  0.18060363]
 [ 0.64716112  0.72278952  0.18057693  0.1617089 ]
 [ 0.180636   -0.16170473  0.64714509 -0.72279005]
 [-0.16167275 -0.18060929  0.72279672  0.64715308]]",-1.8277409438180792,-1.8162295047933816
"[[0.         0.         0.        ]
 [0.         0.         0.55005005]
 [0.         0.         1.1001001 ]
 [0.         0.         1.65015015]]",[-0.09912207 -0.09912203],"[[(0, 1), (2, 3)], [(0, 3), (1, 2)], [(0, 2), (1, 3)]]","[[ 0.72440616 -0.66012591 -0.13381415  0.1468444 ]
 [ 0.66012591  0.72440616  0.1468444   0.13381415]
 [ 0.1468444  -0.13381415  0.66012591 -0.72440616]
 [-0.13381415 -0.1468444   0.72440616  0.66012591]]",-1.833810421230483,-1.8051012823457497
"[[0.         0.         0.        ]
 [0.         0.         0.55205205]
 [0.         0.         1.1041041 ]
 [0.         0.         1.65615616]]",[-0.09464794 -0.09464716],"[[(0, 1), (2, 3)], [(0, 3), (1, 2)], [(0, 2), (1, 3)]]","[[ 0.72252217 -0.64765574 -0.16142583  0.18012623]
 [ 0.6476476   0.72251542  0.18015334  0.16145845]
 [ 0.18009296 -0.16146295  0.64766393 -0.72251483]
 [-0.16149557 -0.18012007  0.72250807  0.6476558 ]]",-1.839794214869439,-1.8282379969899298
"[[0.         0.         0.        ]
 [0.         0.         0.55405405]
 [0.         0.         1.10810811]
 [0.         0.         1.66216216]]",[-0.10022661 -0.10022662],"[[(0, 1), (2, 3)], [(0, 3), (1, 2)], [(0, 2), (1, 3)]]","[[ 0.72414047 -0.66041735 -0.13387322  0.14679054]
 [ 0.66041735  0.72414047  0.14679054  0.13387322]
 [ 0.14679054 -0.13387322  0.66041735 -0.72414047]
 [-0.13387322 -0.14679054  0.72414047  0.66041735]]",-1.8456913647044981,-1.8175634764133775
"[[0.         0.         0.        ]
 [0.         0.         0.55605606]
 [0.         0.         1.11211211]
 [0.         0.         1.66816817]]",[-0.10022661 -0.10022662],"[[(0, 1), (2, 3)], [(0, 3), (1, 2)], [(0, 2), (1, 3)]]","[[ 0.72400815 -0.66056241 -0.13390263  0.14676372]
 [ 0.66056241  0.72400815  0.14676372  0.13390263]
 [ 0.14676372 -0.13390263  0.66056241 -0.72400815]
 [-0.13390263 -0.14676372  0.72400815  0.66056241]]",-1.8515016119348289,-1.8236496270790403
"[[0.         0.         0.        ]
 [0.         0.         0.55805806]
 [0.         0.         1.11611612]
 [0.         0.         1.67417417]]",[-0.09635345 -0.09635432],"[[(0, 1), (2, 3)], [(0, 3), (1, 2)], [(0, 2), (1, 3)]]","[[ 0.72209803 -0.64840703 -0.16112374  0.17939315]
 [ 0.64841543  0.72210499  0.17936514  0.16108991]
 [ 0.17942814 -0.16108477  0.64839849 -0.7221057 ]
 [-0.16105095 -0.17940013  0.72211266  0.64840689]]",-1.857233397277854,-1.8456111202274887
"[[0.         0.         0.        ]
 [0.         0.         0.56006006]
 [0.         0.         1.12012012]
 [0.         0.         1.68018018]]",[-0.10189903 -0.10189902],"[[(0, 1), (2, 3)], [(0, 3), (1, 2)], [(0, 2), (1, 3)]]","[[ 0.72374317 -0.66085272 -0.13396148  0.14671   ]
 [ 0.66085272  0.72374317  0.14671     0.13396148]
 [ 0.14671    -0.13396148  0.66085272 -0.72374317]
 [-0.13396148 -0.14671     0.72374317  0.66085272]]",-1.8628859738957857,-1.8355857294057518
"[[0.         0.         0.        ]
 [0.         0.         0.56206206]
 [0.         0.         1.12412412]
 [0.         0.         1.68618619]]",[-0.09750313 -0.0975022 ],"[[(0, 1), (2, 3)], [(0, 3), (1, 2)], [(0, 2), (1, 3)]]","[[ 0.72184093 -0.64890274 -0.16080454  0.17892123]
 [ 0.64889434  0.72183372  0.17895031  0.1608384 ]
 [ 0.17888587 -0.16084388  0.6489117  -0.72183287]
 [-0.16087774 -0.17891495  0.72182566  0.64890331]]",-1.8684584171652752,-1.8567917442113338
"[[0.         0.         0.        ]
 [0.         0.         0.56406406]
 [0.         0.         1.12812813]
 [0.         0.         1.69219219]]",[-0.10342152 -0.10342158],"[[(0, 1), (2, 3)], [(0, 3), (1, 2)], [(0, 2), (1, 3)]]","[[ 0.72347868 -0.66114227 -0.13402017  0.14665639]
 [ 0.66114227  0.72347868  0.14665639  0.13402017]
 [ 0.14665639 -0.13402017  0.66114227 -0.72347868]
 [-0.13402017 -0.14665639  0.72347868  0.66114227]]",-1.8739502018534484,-1.8471815269053542
"[[0.         0.         0.        ]
 [0.         0.         0.56606607]
 [0.         0.         1.13213213]
 [0.         0.         1.6981982 ]]",[-0.10342152 -0.10342158],"[[(0, 1), (2, 3)], [(0, 3), (1, 2)], [(0, 2), (1, 3)]]","[[ 0.72334692 -0.66128642 -0.13404939  0.14662968]
 [ 0.66128642  0.72334692  0.14662968  0.13404939]
 [ 0.14662968 -0.13404939  0.66128642 -0.72334692]
 [-0.13404939 -0.14662968  0.72334692  0.66128642]]",-1.879360040191104,-1.852844292407812
"[[0.         0.         0.        ]
 [0.         0.         0.56806807]
 [0.         0.         1.13613614]
 [0.         0.         1.7042042 ]]",[-0.09912927 -0.09913018],"[[(0, 1), (2, 3)], [(0, 3), (1, 2)], [(0, 2), (1, 3)]]","[[ 0.72141912 -0.64964476 -0.16050723  0.17819533]
 [ 0.64965342  0.72142662  0.17816498  0.16047215]
 [ 0.17823385 -0.16046446  0.64963495 -0.72142795]
 [-0.16042937 -0.1782035   0.72143544  0.64964362]]",-1.8846971051036068,-1.8729649461489244
"[[0.         0.         0.        ]
 [0.         0.         0.57007007]
 [0.         0.         1.14014014]
 [0.         0.         1.71021021]]",[-0.10472453 -0.10472455],"[[(0, 1), (2, 3)], [(0, 3), (1, 2)], [(0, 2), (1, 3)]]","[[ 0.72308326 -0.66157471 -0.13410783  0.14657623]
 [ 0.66157471  0.72308326  0.14657623  0.13410783]
 [ 0.14657623 -0.13410783  0.66157471 -0.72308326]
 [-0.13410783 -0.14657623  0.72308326  0.66157471]]",-1.8899596553439926,-1.8639481004646
"[[0.         0.         0.        ]
 [0.         0.         0.57207207]
 [0.         0.         1.14414414]
 [0.         0.         1.71621622]]",[-0.10039417 -0.10042319],"[[(0, 1), (2, 3)], [(0, 3), (1, 2)], [(0, 2), (1, 3)]]","[[ 0.72116545 -0.65010734 -0.16018646  0.17782336]
 [ 0.65012443  0.72118096  0.17776039  0.16011713]
 [ 0.17769409 -0.16032984  0.65014202 -0.72113418]
 [-0.16026052 -0.17763112  0.7211497   0.6501591 ]]",-1.8951472001613423,-1.8833710557928014
"[[0.         0.         0.        ]
 [0.         0.         0.57407407]
 [0.         0.         1.14814815]
 [0.         0.         1.72222222]]",[-0.10586791 -0.10586791],"[[(0, 1), (2, 3)], [(0, 3), (1, 2)], [(0, 2), (1, 3)]]","[[ 0.72282019 -0.66186212 -0.13416609  0.14652291]
 [ 0.66186212  0.72282019  0.14652291  0.13416609]
 [ 0.14652291 -0.13416609  0.66186212 -0.72282019]
 [-0.13416609 -0.14652291  0.72282019  0.66186212]]",-1.9002596204177635,-1.8747343838315838
"[[0.         0.         0.        ]
 [0.         0.         0.57607608]
 [0.         0.         1.15215215]
 [0.         0.         1.72822823]]",[-0.10586791 -0.10586791],"[[(0, 1), (2, 3)], [(0, 3), (1, 2)], [(0, 2), (1, 3)]]","[[ 0.72268921 -0.66200514 -0.13419509  0.14649636]
 [ 0.66200514  0.72268921  0.14649636  0.13419509]
 [ 0.14649636 -0.13419509  0.66200514 -0.72268921]
 [-0.13419509 -0.14649636  0.72268921  0.66200514]]",-1.9052946770672294,-1.879999749181277
"[[0.         0.         0.        ]
 [0.         0.         0.57807808]
 [0.         0.         1.15615616]
 [0.         0.         1.73423423]]",[-0.10219092 -0.1021615 ],"[[(0, 1), (2, 3)], [(0, 3), (1, 2)], [(0, 2), (1, 3)]]","[[ 0.72074713 -0.65088991 -0.15989187  0.17691946]
 [ 0.65087361  0.72073229  0.17697982  0.15995824]
 [ 0.17705303 -0.15974396  0.65085429 -0.72077929]
 [-0.15981034 -0.17711338  0.72076447  0.65083798]]",-1.9102622189584673,-1.8984212140710988
"[[0.         0.         0.        ]
 [0.         0.         0.58008008]
 [0.         0.         1.16016016]
 [0.         0.         1.74024024]]",[-0.10759835 -0.10759836],"[[(0, 1), (2, 3)], [(0, 3), (1, 2)], [(0, 2), (1, 3)]]","[[ 0.7224271  -0.66229116 -0.13425306  0.14644322]
 [ 0.66229116  0.7224271   0.14644322  0.13425306]
 [ 0.14644322 -0.13425306  0.66229116 -0.7224271 ]
 [-0.13425306 -0.14644322  0.7224271   0.66229116]]",-1.9151595855726304,-1.8903259915070167
"[[0.         0.         0.        ]
 [0.         0.         0.58208208]
 [0.         0.         1.16416416]
 [0.         0.         1.74624625]]",[-0.10335073 -0.10338053],"[[(0, 1), (2, 3)], [(0, 3), (1, 2)], [(0, 2), (1, 3)]]","[[ 0.72049852 -0.65131995 -0.15956178  0.17664722]
 [ 0.65133585  0.72051298  0.17658821  0.15949692]
 [ 0.17650896 -0.15971472  0.65135669 -0.72046531]
 [-0.15964986 -0.17644994  0.72047977  0.65137258]]",-1.9199866911794086,-1.9081020777837758
"[[0.         0.         0.        ]
 [0.         0.         0.58408408]
 [0.         0.         1.16816817]
 [0.         0.         1.75225225]]",[-0.10876092 -0.10876091],"[[(0, 1), (2, 3)], [(0, 3), (1, 2)], [(0, 2), (1, 3)]]","[[ 0.72216569 -0.66257619 -0.13431084  0.14639023]
 [ 0.66257619  0.72216569  0.14639023  0.13431084]
 [ 0.14639023 -0.13431084  0.66257619 -0.72216569]
 [-0.13431084 -0.14639023  0.72216569  0.66257619]]",-1.9247437957549387,-1.9003545458070337
"[[0.         0.         0.        ]
 [0.         0.         0.58608609]
 [0.         0.         1.17217217]
 [0.         0.         1.75825826]]",[-0.10876092 -0.10876091],"[[(0, 1), (2, 3)], [(0, 3), (1, 2)], [(0, 2), (1, 3)]]","[[ 0.72203555 -0.66271801 -0.13433959  0.14636385]
 [ 0.66271801  0.72203555  0.14636385  0.13433959]
 [ 0.14636385 -0.13433959  0.66271801 -0.72203555]
 [-0.13433959 -0.14636385  0.72203555  0.66271801]]",-1.929427781186865,-1.9052486845236023
"[[0.         0.         0.        ]
 [0.         0.         0.58808809]
 [0.         0.         1.17617618]
 [0.         0.         1.76426426]]",[-0.10518035 -0.10514654],"[[(0, 1), (2, 3)], [(0, 3), (1, 2)], [(0, 2), (1, 3)]]","[[ 0.72008112 -0.65209565 -0.15928685  0.17573317]
 [ 0.65207852  0.72006505  0.17579896  0.15935703]
 [ 0.17589249 -0.15911092  0.65205426 -0.72011859]
 [-0.1591811  -0.17595827  0.72010254  0.65203712]]",-1.9340491192434346,-1.9221002609455775
"[[0.         0.         0.        ]
 [0.         0.         0.59009009]
 [0.         0.         1.18018018]
 [0.         0.         1.77027027]]",[-0.11052009 -0.1105201 ],"[[(0, 1), (2, 3)], [(0, 3), (1, 2)], [(0, 2), (1, 3)]]","[[ 0.72177524 -0.66300151 -0.13439706  0.14631108]
 [ 0.66300151  0.72177524  0.14631108  0.13439706]
 [ 0.14631108 -0.13439706  0.66300151 -0.72177524]
 [-0.13439706 -0.14631108  0.72177524  0.66300151]]",-1.938604300010831,-1.914846556309678
"[[0.         0.         0.        ]
 [0.         0.         0.59209209]
 [0.         0.         1.18418418]
 [0.         0.         1.77627628]]",[-0.10635544 -0.10639067],"[[(0, 1), (2, 3)], [(0, 3), (1, 2)], [(0, 2), (1, 3)]]","[[ 0.71984056 -0.65251079 -0.15892926  0.17550134]
 [ 0.65252778  0.7198565   0.17543588  0.15885957]
 [ 0.17533015 -0.15911811  0.65255514 -0.71980036]
 [-0.15904842 -0.17526469  0.71981632  0.65257211]]",-1.9430936156710512,-1.9311015535063687
"[[0.         0.         0.        ]
 [0.         0.         0.59409409]
 [0.         0.         1.18818819]
 [0.         0.         1.78228228]]",[-0.11170175 -0.11170173],"[[(0, 1), (2, 3)], [(0, 3), (1, 2)], [(0, 2), (1, 3)]]","[[ 0.72151572 -0.66328392 -0.13445431  0.14625848]
 [ 0.66328392  0.72151572  0.14625848  0.13445431]
 [ 0.14625848 -0.13445431  0.66328392 -0.72151572]
 [-0.13445431 -0.14625848  0.72151572  0.66328392]]",-1.9475176799265048,-1.9241655735373413
"[[0.         0.         0.        ]
 [0.         0.         0.5960961 ]
 [0.         0.         1.19219219]
 [0.         0.         1.78828829]]",[-0.11170175 -0.11170173],"[[(0, 1), (2, 3)], [(0, 3), (1, 2)], [(0, 2), (1, 3)]]","[[ 0.72138655 -0.66342441 -0.13448279  0.14623229]
 [ 0.66342441  0.72138655  0.14623229  0.13448279]
 [ 0.14623229 -0.13448279  0.66342441 -0.72138655]
 [-0.13448279 -0.14623229  0.72138655  0.66342441]]",-1.951872562767556,-1.9287120247165037
"[[0.         0.         0.        ]
 [0.         0.         0.5980981 ]
 [0.         0.         1.1961962 ]
 [0.         0.         1.79429429]]",[-0.10822083 -0.10818134],"[[(0, 1), (2, 3)], [(0, 3), (1, 2)], [(0, 2), (1, 3)]]","[[ 0.71942115 -0.65328486 -0.15869208  0.17455353]
 [ 0.65326755  0.71940481  0.17462076  0.15876338]
 [ 0.17475471 -0.15847051  0.65323308 -0.71946816]
 [-0.15854182 -0.17482194  0.71945185  0.65321575]]",-1.956169308949359,-1.944113627605989
"[[0.        0.        0.       ]
 [0.        0.        0.6001001]
 [0.        0.        1.2002002]
 [0.        0.        1.8003003]]",[-0.11348953 -0.11348953],"[[(0, 1), (2, 3)], [(0, 3), (1, 2)], [(0, 2), (1, 3)]]","[[ 0.72112827 -0.66370514 -0.13453969  0.14617994]
 [ 0.66370514  0.72112827  0.14617994  0.13453969]
 [ 0.14617994 -0.13453969  0.66370514 -0.72112827]
 [-0.13453969 -0.14617994  0.72112827  0.66370514]]",-1.9604036241962706,-1.9376275649725716
"[[0.         0.         0.        ]
 [0.         0.         0.6021021 ]
 [0.         0.         1.2042042 ]
 [0.         0.         1.80630631]]",[-0.1094085  -0.10945313],"[[(0, 1), (2, 3)], [(0, 3), (1, 2)], [(0, 2), (1, 3)]]","[[ 0.71919555 -0.65367838 -0.15827941  0.17438454]
 [ 0.65369669  0.71921285  0.17431308  0.15820387]
 [ 0.17414751 -0.15854017  0.65373906 -0.71914039]
 [-0.15846464 -0.17407604  0.71915772  0.65375735]]",-1.9645761531082795,-1.952477678710089
"[[0.         0.         0.        ]
 [0.         0.         0.6041041 ]
 [0.         0.         1.20820821]
 [0.         0.         1.81231231]]",[-0.1146902  -0.11469018],"[[(0, 1), (2, 3)], [(0, 3), (1, 2)], [(0, 2), (1, 3)]]","[[ 0.72087088 -0.6639847  -0.13459636  0.14612776]
 [ 0.6639847   0.72087088  0.14612776  0.13459636]
 [ 0.14612776 -0.13459636  0.6639847  -0.72087088]
 [-0.13459636 -0.14612776  0.72087088  0.6639847 ]]",-1.9686878392062166,-1.9462817151135936
"[[0.         0.         0.        ]
 [0.         0.         0.60610611]
 [0.         0.         1.21221221]
 [0.         0.         1.81831832]]",[-0.1146902  -0.11469018],"[[(0, 1), (2, 3)], [(0, 3), (1, 2)], [(0, 2), (1, 3)]]","[[ 0.72074279 -0.66412373 -0.13462454  0.1461018 ]
 [ 0.66412373  0.72074279  0.1461018   0.13462454]
 [ 0.1461018  -0.13462454  0.66412373 -0.72074279]
 [-0.13462454 -0.1461018   0.72074279  0.66412373]]",-1.9727340031037954,-1.950502307016153
"[[0.         0.         0.        ]
 [0.         0.         0.60810811]
 [0.         0.         1.21621622]
 [0.         0.         1.82432432]]",[-0.11132086 -0.11125695],"[[(0, 1), (2, 3)], [(0, 3), (1, 2)], [(0, 2), (1, 3)]]","[[ 0.71876019 -0.65447219 -0.15814916  0.17331702]
 [ 0.65444865  0.71873774  0.17340989  0.15824674]
 [ 0.17367642 -0.15775441  0.65438166 -0.7188426 ]
 [-0.157852   -0.17376927  0.71882021  0.65435808]]",-1.9767262154979872,-1.964564754568804
"[[0.         0.         0.        ]
 [0.         0.         0.61011011]
 [0.         0.         1.22022022]
 [0.         0.         1.83033033]]",[-0.11650649 -0.11650651],"[[(0, 1), (2, 3)], [(0, 3), (1, 2)], [(0, 2), (1, 3)]]","[[ 0.72048678 -0.66440145 -0.13468084  0.1460499 ]
 [ 0.66440145  0.72048678  0.1460499   0.13468084]
 [ 0.1460499  -0.13468084  0.66440145 -0.72048678]
 [-0.13468084 -0.1460499   0.72048678  0.66440145]]",-1.9806594583137773,-1.958778225980026
"[[0.         0.         0.        ]
 [0.         0.         0.61211211]
 [0.         0.         1.22422422]
 [0.         0.         1.83633634]]",[-0.11250463 -0.11257297],"[[(0, 1), (2, 3)], [(0, 3), (1, 2)], [(0, 2), (1, 3)]]","[[ 0.71851874 -0.65483127 -0.1578305   0.17325228]
 [ 0.65489347  0.71857297  0.1730271   0.15757239]
 [ 0.17315389 -0.15793845  0.65485689 -0.71849539]
 [-0.15768035 -0.1729287   0.71854966  0.65491905]]",-1.9845347045746387,-1.9723308707151934
"[[0.         0.         0.        ]
 [0.         0.         0.61411411]
 [0.         0.         1.22822823]
 [0.         0.         1.84234234]]",[-0.11772614 -0.11772614],"[[(0, 1), (2, 3)], [(0, 3), (1, 2)], [(0, 2), (1, 3)]]","[[ 0.72023175 -0.66467791 -0.13473688  0.1459982 ]
 [ 0.66467791  0.72023175  0.1459982   0.13473688]
 [ 0.1459982  -0.13473688  0.66467791 -0.72023175]
 [-0.13473688 -0.1459982   0.72023175  0.66467791]]",-1.988353205092669,-1.9668089720285264
"[[0.         0.         0.        ]
 [0.         0.         0.61611612]
 [0.         0.         1.23223223]
 [0.         0.         1.84834835]]",[-0.11772614 -0.11772614],"[[(0, 1), (2, 3)], [(0, 3), (1, 2)], [(0, 2), (1, 3)]]","[[ 0.72010487 -0.66481537 -0.13476475  0.14597248]
 [ 0.66481537  0.72010487  0.14597248  0.13476475]
 [ 0.14597248 -0.13476475  0.66481537 -0.72010487]
 [-0.13476475 -0.14597248  0.72010487  0.66481537]]",-1.992109589330337,-1.970723974248112
"[[0.         0.         0.        ]
 [0.         0.         0.61811812]
 [0.         0.         1.23623624]
 [0.         0.         1.85435435]]",[-0.11418341 -0.11467011],"[[(0, 1), (2, 3)], [(0, 3), (1, 2)], [(0, 2), (1, 3)]]","[[ 0.71803257 -0.65524549 -0.15796     0.17358343]
 [ 0.6556945   0.71843722  0.17189428  0.15609303]
 [ 0.17292951 -0.15867641  0.65542685 -0.71786686]
 [-0.15680986 -0.17123989  0.71827338  0.65587417]]",-1.9958159096065238,-1.983549715676356
"[[0.         0.         0.        ]
 [0.         0.         0.62012012]
 [0.         0.         1.24024024]
 [0.         0.         1.86036036]]",[-0.11957097 -0.11957088],"[[(0, 1), (2, 3)], [(0, 3), (1, 2)], [(0, 2), (1, 3)]]","[[ 0.71985136 -0.66508986 -0.13482039  0.14592109]
 [ 0.66508986  0.71985136  0.14592109  0.13482039]
 [ 0.14592109 -0.13482039  0.66508986 -0.71985136]
 [-0.13482039 -0.14592109  0.71985136  0.66508986]]",-1.999466480473496,-1.9783999479319834
"[[0.         0.         0.        ]
 [0.         0.         0.62212212]
 [0.         0.         1.24424424]
 [0.         0.         1.86636637]]",[-0.1157226 -0.1156712],"[[(0, 1), (2, 3)], [(0, 3), (1, 2)], [(0, 2), (1, 3)]]","[[ 0.71786369 -0.65606493 -0.15732403  0.17175471]
 [ 0.65605425  0.71785396  0.17179527  0.15736867]
 [ 0.17213304 -0.15691001  0.6559707  -0.71794979]
 [-0.15695465 -0.1721736   0.71794009  0.65596   ]]",-2.0030625807833875,-1.9907544428363806
"[[0.         0.         0.        ]
 [0.         0.         0.62412412]
 [0.         0.         1.24824825]
 [0.         0.         1.87237237]]",[-0.12080951 -0.12080953],"[[(0, 1), (2, 3)], [(0, 3), (1, 2)], [(0, 2), (1, 3)]]","[[ 0.71959891 -0.66536298 -0.13487575  0.14586992]
 [ 0.66536298  0.71959891  0.14586992  0.13487575]
 [ 0.14586992 -0.13487575  0.66536298 -0.71959891]
 [-0.13487575 -0.14586992  0.71959891  0.66536298]]",-2.006605747405404,-1.9858458275215782
"[[0.         0.         0.        ]
 [0.         0.         0.62612613]
 [0.         0.         1.25225225]
 [0.         0.         1.87837838]]",[-0.12080951 -0.12080953],"[[(0, 1), (2, 3)], [(0, 3), (1, 2)], [(0, 2), (1, 3)]]","[[ 0.71947335 -0.66549876 -0.13490328  0.14584447]
 [ 0.66549876  0.71947335  0.14584447  0.13490328]
 [ 0.14584447 -0.13490328  0.66549876 -0.71947335]
 [-0.13490328 -0.14584447  0.71947335  0.66549876]]",-2.0100899728982,-1.989474087058092
"[[0.         0.         0.        ]
 [0.         0.         0.62812813]
 [0.         0.         1.25625626]
 [0.         0.         1.88438438]]",[-0.11760665 -0.11762395],"[[(0, 1), (2, 3)], [(0, 3), (1, 2)], [(0, 2), (1, 3)]]","[[ 0.71754796 -0.65666445 -0.15667614  0.17137478]
 [ 0.65666447  0.71754731  0.17137748  0.15667606]
 [ 0.17120698 -0.15685949  0.65670783 -0.71750825]
 [-0.1568594  -0.17120968  0.71750761  0.65670785]]",-2.013527749464675,-2.001157916909315
"[[0.         0.         0.        ]
 [0.         0.         0.63013013]
 [0.         0.         1.26026026]
 [0.         0.         1.89039039]]",[-0.12268276 -0.12268276],"[[(0, 1), (2, 3)], [(0, 3), (1, 2)], [(0, 2), (1, 3)]]","[[ 0.71922256 -0.66576979 -0.13495822  0.14579363]
 [ 0.66576979  0.71922256  0.14579363  0.13495822]
 [ 0.14579363 -0.13495822  0.66576979 -0.71922256]
 [-0.13495822 -0.14579363  0.71922256  0.66576979]]",-2.01691277687673,-1.9965870205786502
"[[0.         0.         0.        ]
 [0.         0.         0.63213213]
 [0.         0.         1.26426426]
 [0.         0.         1.8963964 ]]",[-0.11890987 -0.11890079],"[[(0, 1), (2, 3)], [(0, 3), (1, 2)], [(0, 2), (1, 3)]]","[[ 0.71726536 -0.65714382 -0.15658825  0.17079965]
 [ 0.65714555  0.71726808  0.17078825  0.15658099]
 [ 0.17091258 -0.15646499  0.65711384 -0.71729283]
 [-0.15645772 -0.17090118  0.71729554  0.65711557]]",-2.0202466185317722,-2.0078352522938916
"[[0.         0.         0.        ]
 [0.         0.         0.63413413]
 [0.         0.         1.26826827]
 [0.         0.         1.9024024 ]]",[-0.12394032 -0.12394033],"[[(0, 1), (2, 3)], [(0, 3), (1, 2)], [(0, 2), (1, 3)]]","[[ 0.71897291 -0.66603937 -0.13501286  0.14574303]
 [ 0.66603937  0.71897291  0.14574303  0.13501286]
 [ 0.14574303 -0.13501286  0.66603937 -0.71897291]
 [-0.13501286 -0.14574303  0.71897291  0.66603937]]",-2.0235310773375192,-2.0034838978258307
"[[0.         0.         0.        ]
 [0.         0.         0.63613614]
 [0.         0.         1.27227227]
 [0.         0.         1.90840841]]",[-0.12394032 -0.12394033],"[[(0, 1), (2, 3)], [(0, 3), (1, 2)], [(0, 2), (1, 3)]]","[[ 0.71884877 -0.66617336 -0.13504002  0.14571786]
 [ 0.66617336  0.71884877  0.14571786  0.13504002]
 [ 0.14571786 -0.13504002  0.66617336 -0.71884877]
 [-0.13504002 -0.14571786  0.71884877  0.66617336]]",-2.0267595595051007,-2.006842960748654
"[[0.         0.         0.        ]
 [0.         0.         0.63813814]
 [0.         0.         1.27627628]
 [0.         0.         1.91441441]]",[-0.12085188 -0.12085567],"[[(0, 1), (2, 3)], [(0, 3), (1, 2)], [(0, 2), (1, 3)]]","[[ 0.71692372 -0.65778212 -0.15610653  0.17021696]
 [ 0.65777959  0.71692039  0.17023101  0.15611714]
 [ 0.17014304 -0.1561871   0.6578021  -0.71690539]
 [-0.15619771 -0.17015709  0.71690205  0.65779958]]",-2.0299449578371385,-2.0174725398593596
"[[0.         0.         0.        ]
 [0.         0.         0.64014014]
 [0.         0.         1.28028028]
 [0.         0.         1.92042042]]",[-0.12584204 -0.12584206],"[[(0, 1), (2, 3)], [(0, 3), (1, 2)], [(0, 2), (1, 3)]]","[[ 0.71860091 -0.66644072 -0.13509422  0.14566762]
 [ 0.66644072  0.71860091  0.14566762  0.13509422]
 [ 0.14566762 -0.13509422  0.66644072 -0.71860091]
 [-0.13509422 -0.14566762  0.71860091  0.66644072]]",-2.0330804063560195,-2.0134272239089057
"[[0.         0.         0.        ]
 [0.         0.         0.64214214]
 [0.         0.         1.28428428]
 [0.         0.         1.92642643]]",[-0.12216475 -0.12216312],"[[(0, 1), (2, 3)], [(0, 3), (1, 2)], [(0, 2), (1, 3)]]","[[ 0.71666074 -0.65823285 -0.15594527  0.1697291 ]
 [ 0.65823567  0.71666428  0.16971416  0.15593337]
 [ 0.16978715 -0.15588206  0.65821699 -0.71667531]
 [-0.15587017 -0.16977221  0.71667885  0.65821981]]",-2.0361677329537926,-2.023654202962604
"[[0.         0.         0.        ]
 [0.         0.         0.64414414]
 [0.         0.         1.28828829]
 [0.         0.         1.93243243]]",[-0.12711861 -0.12711861],"[[(0, 1), (2, 3)], [(0, 3), (1, 2)], [(0, 2), (1, 3)]]","[[ 0.71835427 -0.66670656 -0.13514811  0.14561762]
 [ 0.66670656  0.71835427  0.14561762  0.13514811]
 [ 0.14561762 -0.13514811  0.66670656 -0.71835427]
 [-0.13514811 -0.14561762  0.71835427  0.66670656]]",-2.0392089877052735,-2.0198085147436866
"[[0.         0.         0.        ]
 [0.         0.         0.64614615]
 [0.         0.         1.29229229]
 [0.         0.         1.93843844]]",[-0.12711861 -0.12711861],"[[(0, 1), (2, 3)], [(0, 3), (1, 2)], [(0, 2), (1, 3)]]","[[ 0.71823165 -0.66683866 -0.13517489  0.14559276]
 [ 0.66683866  0.71823165  0.14559276  0.13517489]
 [ 0.14559276 -0.13517489  0.66683866 -0.71823165]
 [-0.13517489 -0.14559276  0.71823165  0.66683866]]",-2.042197037598914,-2.022914735090975
"[[0.         0.         0.        ]
 [0.         0.         0.64814815]
 [0.         0.         1.2962963 ]
 [0.         0.         1.94444444]]",[-0.12414293 -0.12414234],"[[(0, 1), (2, 3)], [(0, 3), (1, 2)], [(0, 2), (1, 3)]]","[[ 0.71631648 -0.6588706  -0.15550769  0.16910822]
 [ 0.65886751  0.7163128   0.16912384  0.15552074]
 [ 0.16906645 -0.1555531   0.6588822  -0.71630581]
 [-0.15556615 -0.16908208  0.71630212  0.65887912]]",-2.0451451390903004,-2.0325712021756654
"[[0.         0.         0.        ]
 [0.         0.         0.65015015]
 [0.         0.         1.3003003 ]
 [0.         0.         1.95045045]]",[-0.1290489  -0.12904888],"[[(0, 1), (2, 3)], [(0, 3), (1, 2)], [(0, 2), (1, 3)]]","[[ 0.71798691 -0.66710216 -0.1352283   0.14554315]
 [ 0.66710216  0.71798691  0.14554315  0.1352283 ]
 [ 0.14554315 -0.1352283   0.66710216 -0.71798691]
 [-0.1352283  -0.14554315  0.71798691  0.66710216]]",-2.0480459061684964,-2.0290023732435842
"[[0.         0.         0.        ]
 [0.         0.         0.65215215]
 [0.         0.         1.3043043 ]
 [0.         0.         1.95645646]]",[-0.12547222 -0.12547386],"[[(0, 1), (2, 3)], [(0, 3), (1, 2)], [(0, 2), (1, 3)]]","[[ 0.71606474 -0.65930508 -0.15531773  0.16865497]
 [ 0.65930826  0.71606846  0.16863917  0.15530426]
 [ 0.16868888 -0.1552809   0.65929554 -0.71607352]
 [-0.15526743 -0.16867308  0.71607724  0.65929872]]",-2.050901412332932,-2.0382867837756247
"[[0.         0.         0.        ]
 [0.         0.         0.65415415]
 [0.         0.         1.30830831]
 [0.         0.         1.96246246]]",[-0.13034448 -0.13034447],"[[(0, 1), (2, 3)], [(0, 3), (1, 2)], [(0, 2), (1, 3)]]","[[ 0.71774347 -0.66736407 -0.13528139  0.1454938 ]
 [ 0.66736407  0.71774347  0.1454938   0.13528139]
 [ 0.1454938  -0.13528139  0.66736407 -0.71774347]
 [-0.13528139 -0.1454938   0.71774347  0.66736407]]",-2.053713937039977,-2.0348992471945415
"[[0.         0.         0.        ]
 [0.         0.         0.65615616]
 [0.         0.         1.31231231]
 [0.         0.         1.96846847]]",[-0.13034448 -0.13034447],"[[(0, 1), (2, 3)], [(0, 3), (1, 2)], [(0, 2), (1, 3)]]","[[ 0.71762246 -0.66749419 -0.13530777  0.14546928]
 [ 0.66749419  0.71762246  0.14546928  0.13530777]
 [ 0.14546928 -0.13530777  0.66749419 -0.71762246]
 [-0.13530777 -0.14546928  0.71762246  0.66749419]]",-2.0564758519844712,-2.0377678845438623
"[[0.         0.         0.        ]
 [0.         0.         0.65815816]
 [0.         0.         1.31631632]
 [0.         0.         1.97447447]]",[-0.12748353 -0.12748069],"[[(0, 1), (2, 3)], [(0, 3), (1, 2)], [(0, 2), (1, 3)]]","[[ 0.71572294 -0.65993568 -0.1549016   0.16802102]
 [ 0.65993246  0.71571925  0.16803675  0.15491532]
 [ 0.16799617 -0.15492855  0.65994283 -0.71571635]
 [-0.15494227 -0.1680119   0.71571266  0.65993961]]",-2.059200742559826,-2.0465263479555205
"[[0.         0.         0.        ]
 [0.         0.         0.66016016]
 [0.         0.         1.32032032]
 [0.         0.         1.98048048]]",[-0.13230339 -0.13230338],"[[(0, 1), (2, 3)], [(0, 3), (1, 2)], [(0, 2), (1, 3)]]","[[ 0.71738103 -0.66775366 -0.13536037  0.14542033]
 [ 0.66775366  0.71738103  0.14542033  0.13536037]
 [ 0.14542033 -0.13536037  0.66775366 -0.71738103]
 [-0.13536037 -0.14542033  0.71738103  0.66775366]]",-2.061880745348118,-2.0433888075328817
"[[0.         0.         0.        ]
 [0.         0.         0.66216216]
 [0.         0.         1.32432432]
 [0.         0.         1.98648649]]",[-0.12883113 -0.12883456],"[[(0, 1), (2, 3)], [(0, 3), (1, 2)], [(0, 2), (1, 3)]]","[[ 0.71547989 -0.66035749 -0.15469541  0.16758832]
 [ 0.66036069  0.71548353  0.1675728   0.15468173]
 [ 0.1676084  -0.15467366  0.66035159 -0.71548533]
 [-0.15465998 -0.16759288  0.71548897  0.66035479]]",-2.0645181616696155,-2.051803492340187
"[[0.         0.         0.        ]
 [0.         0.         0.66416416]
 [0.         0.         1.32832833]
 [0.         0.         1.99249249]]",[-0.13361809 -0.13361809],"[[(0, 1), (2, 3)], [(0, 3), (1, 2)], [(0, 2), (1, 3)]]","[[ 0.71714096 -0.66801148 -0.13541263  0.14537167]
 [ 0.66801148  0.71714096  0.14537167  0.13541263]
 [ 0.14537167 -0.13541263  0.66801148 -0.71714096]
 [-0.13541263 -0.14537167  0.71714096  0.66801148]]",-2.067115483607019,-2.0488303686471196
"[[0.         0.         0.        ]
 [0.         0.         0.66616617]
 [0.         0.         1.33233233]
 [0.         0.         1.9984985 ]]",[-0.13361809 -0.13361809],"[[(0, 1), (2, 3)], [(0, 3), (1, 2)], [(0, 2), (1, 3)]]","[[ 0.71702166 -0.66813953 -0.13543859  0.14534749]
 [ 0.66813953  0.71702166  0.14534749  0.13543859]
 [ 0.14534749 -0.13543859  0.66813953 -0.71702166]
