geometry,target,edges,coeff,fci,energy
"[[0.         0.         0.        ]
 [2.54784675 1.07914686 0.1638941 ]
 [3.25308096 3.65102231 2.4265431 ]
 [2.91798624 2.17449997 3.7402897 ]]",[-1.4554611  -1.13773392],"[[(0, 1), (2, 3)], [(0, 3), (1, 2)], [(0, 2), (1, 3)]]","[[ 7.07116478e-01 -7.07096741e-01 -6.77175383e-04  1.63513806e-04]
 [ 7.07095132e-01  7.07112394e-01  2.79138509e-03  8.62459297e-04]
 [-5.44104648e-04 -1.38482053e-03  7.07106686e-01 -7.07105311e-01]
 [-1.57006260e-03 -2.08376958e-03  7.07101043e-01  7.07107706e-01]]",-1.8826642280163188,-1.8826343270781623
"[[0.         0.         0.        ]
 [3.31930916 3.65022355 0.05794676]
 [1.58448215 1.33983231 2.38837547]
 [3.35776691 7.49757969 3.99521538]]",[-1.51696737 -1.57089673],"[[(0, 2), (1, 3)], [(0, 3), (1, 2)], [(0, 1), (2, 3)]]","[[ 7.07106812e-01 -1.48733244e-04 -7.07106719e-01  1.48627981e-04]
 [ 1.55480362e-04  7.07106766e-01 -1.41880863e-04 -7.07106765e-01]
 [ 7.07106734e-01 -7.09778802e-06  7.07106829e-01  6.50169117e-06]
 [ 3.50680004e-07  7.07106781e-01  2.45416844e-07  7.07106782e-01]]",-1.8665757866027235,-1.8665634887092302
"[[0.         0.         0.        ]
 [0.47095773 0.64688268 2.87221999]
 [2.77651959 3.12295234 4.02314081]
 [2.92102341 3.30611389 3.5179037 ]]",[-1.49268337 -0.16027093],"[[(0, 1), (2, 3)], [(0, 3), (1, 2)], [(0, 2), (1, 3)]]","[[ 7.07111961e-01 -7.07101598e-01 -6.15638909e-05 -8.99333966e-06]
 [ 7.07098001e-01  7.07108081e-01  3.10969162e-03  9.53307694e-04]
 [-1.05190123e-03 -1.10448746e-03  7.07105304e-01 -7.07106613e-01]
 [-1.99620477e-03 -2.06679130e-03  7.07101418e-01  7.07106307e-01]]",-2.030047903024528,-2.0300472265760625
"[[0.         0.         0.        ]
 [1.37459824 1.10735358 1.42144047]
 [1.6381297  1.40107955 4.36000829]
 [3.02791492 1.82819676 6.18934707]]",[-1.28718232 -1.31670256],"[[(0, 1), (2, 3)], [(0, 3), (1, 2)], [(0, 2), (1, 3)]]","[[ 0.70709515 -0.70710206 -0.00337969  0.00342226]
 [ 0.70710382  0.70709692  0.00302893  0.00299354]
 [ 0.00338328 -0.00341867  0.70709489 -0.70710231]
 [-0.00303252 -0.00298996  0.70710411  0.70709663]]",-1.877812376225744,-1.8775917297636617
"[[0.         0.         0.        ]
 [1.98734621 0.78639691 0.71308972]
 [3.45358802 3.79235247 3.30569641]
 [1.3421431  0.39341632 0.01725437]]",[-1.57082775 -0.30578068],"[[(0, 2), (1, 3)], [(0, 3), (1, 2)], [(0, 1), (2, 3)]]","[[ 6.85145047e-01  1.67167096e-01 -6.85069102e-01 -1.82515074e-01]
 [-1.74662417e-01  6.93630338e-01  1.74836048e-01 -6.76610930e-01]
 [ 7.07100796e-01  6.20167947e-04  7.07112019e-01  8.20122770e-04]
 [ 8.81865071e-03  7.00665206e-01 -1.02603961e-02  7.13361917e-01]]",-2.018869226809546,-2.0076018130622955
"[[0.00000000e+00 0.00000000e+00 0.00000000e+00]
 [5.41055058e-01 2.89736679e+00 9.34073018e-01]
 [3.41290777e+00 5.68837488e+00 2.34797514e+00]
 [3.44182101e-03 1.25936039e+00 3.13011081e+00]]",[-1.57134383 -1.46007279],"[[(0, 2), (1, 3)], [(0, 1), (2, 3)], [(0, 3), (1, 2)]]","[[ 7.07107110e-01  1.76793411e-03 -7.07104072e-01  4.89976388e-04]
 [-6.44880760e-04  7.07106074e-01  6.33077231e-04 -7.07106911e-01]
 [ 7.07105102e-01  9.92127376e-05  7.07108448e-01  8.74121172e-05]
 [-1.22226993e-03  7.07105271e-01  1.03563998e-03  7.07106477e-01]]",-1.867307209784519,-1.867099974320966
"[[0.         0.         0.        ]
 [2.79789788 1.85750998 1.55286784]
 [1.59280787 1.95993827 3.04284512]
 [1.68049311 3.82728209 0.19927976]]",[-1.56630679 -1.07471865],"[[(0, 3), (1, 2)], [(0, 2), (1, 3)], [(0, 1), (2, 3)]]","[[ 0.70708951  0.00192161  0.00071938 -0.70712107]
 [-0.00220355  0.70702749 -0.70718192 -0.00100153]
 [-0.01258809  0.70706632  0.70696522 -0.00994684]
 [ 0.70700856  0.01287089  0.00966376  0.70702181]]",-1.8860219950091186,-1.8853289154791997
"[[0.         0.         0.        ]
 [0.93353438 1.71202369 2.73846859]
 [0.88397867 0.43717967 2.10894444]
 [3.30085981 4.67785958 3.49227712]]",[-1.57132185 -0.65325104],"[[(0, 3), (1, 2)], [(0, 2), (1, 3)], [(0, 1), (2, 3)]]","[[ 7.06386160e-01  3.03103083e-02 -3.38863142e-02 -7.06365058e-01]
 [-3.19164236e-02  7.06815327e-01 -7.05940192e-01  3.22781846e-02]
 [ 2.33406913e-04  7.06747087e-01  7.07458186e-01 -3.37863945e-03]
 [ 7.07106696e-01  1.39056157e-03  1.75448991e-03  7.07103322e-01]]",-1.9438114751959612,-1.942789263145848
"[[0.         0.         0.        ]
 [3.67406739 1.76128838 1.41876839]
 [1.05138271 1.28890042 3.5990391 ]
 [4.92320841 3.56683907 2.32258213]]",[-1.56119407 -1.33413882],"[[(0, 2), (1, 3)], [(0, 3), (1, 2)], [(0, 1), (2, 3)]]","[[ 7.07107629e-01  1.07408246e-04 -7.07105893e-01  2.12861453e-04]
 [ 4.11545626e-05  7.07105708e-01 -6.42991614e-05 -7.07107850e-01]
 [ 7.07104708e-01  1.16731337e-03  7.07106965e-01  1.14416513e-03]
 [-1.31587263e-03  7.07106883e-01 -9.95606357e-04  7.07104755e-01]]",-1.8707995951595888,-1.870764252050739
"[[0.         0.         0.        ]
 [1.78108228 2.84963401 2.40301088]
 [2.49850791 0.39452502 1.8660122 ]
 [0.89872126 3.7514194  0.90823746]]",[-1.51531302 -1.10284148],"[[(0, 2), (1, 3)], [(0, 3), (1, 2)], [(0, 1), (2, 3)]]","[[ 7.07101056e-01 -1.67431243e-04 -7.07112065e-01  7.72424662e-04]
 [ 6.29878528e-04  7.07031960e-01 -3.10043786e-04 -7.07181246e-01]
 [ 7.07022214e-01  1.08210520e-02  7.07020811e-01  1.11385311e-02]
 [-1.12822675e-02  7.07098779e-01 -1.06772787e-02  7.06944144e-01]]",-1.8841655090769296,-1.8833926272545591
"[[0.         0.         0.        ]
 [1.61368033 0.70232357 1.4259255 ]
 [3.54138208 3.30995816 3.47412982]
 [6.25576646 3.65381348 5.68158788]]",[-1.2878707 -1.5455582],"[[(0, 1), (2, 3)], [(0, 3), (1, 2)], [(0, 2), (1, 3)]]","[[ 7.07105482e-01 -7.07107595e-01 -5.85184611e-04  5.86089826e-04]
 [ 7.07107860e-01  7.07105698e-01  7.94009669e-05  1.97402273e-05]
 [ 5.55805787e-04 -6.15468558e-04  7.07108400e-01 -7.07104676e-01]
 [-5.00247432e-05 -4.91162925e-05  7.07104916e-01  7.07108643e-01]]",-1.8728683809701698,-1.8728613276104147
"[[0.         0.         0.        ]
 [0.76049917 0.07064813 2.415293  ]
 [2.50708022 2.89573144 3.67861347]
 [1.63179216 3.51759876 2.58395279]]",[-1.39063453 -0.75494068],"[[(0, 1), (2, 3)], [(0, 3), (1, 2)], [(0, 2), (1, 3)]]","[[ 7.07144927e-01 -7.07068244e-01 -7.12282708e-04 -2.08363050e-04]
 [ 7.07062048e-01  7.07133665e-01  5.02397779e-03  1.66978707e-05]
 [-2.25158125e-03 -2.75578384e-03  7.07113416e-01 -7.07091191e-01]
 [-2.05980881e-03 -2.98070770e-03  7.07081940e-01  7.07122340e-01]]",-1.92867775575416,-1.9286586110470167
"[[0.         0.         0.        ]
 [3.49070813 1.5878355  2.16515665]
 [2.53158821 1.09972588 3.34819039]
 [5.25770499 1.2482585  6.36155194]]",[-1.57080879 -0.81372603],"[[(0, 3), (1, 2)], [(0, 1), (2, 3)], [(0, 2), (1, 3)]]","[[ 7.07106220e-01  7.70704346e-04 -7.59508053e-05 -7.07106918e-01]
 [-1.28067322e-03  7.07106123e-01 -7.07106146e-01 -4.34017756e-04]
 [-5.07571391e-04  7.07106287e-01  7.07107068e-01  1.87181947e-04]
 [ 7.07106000e-01  1.01754046e-03 -6.97150501e-04  7.07106486e-01]]",-1.916730818862173,-1.9167289414692972
"[[0.         0.         0.        ]
 [3.96593618 2.75125587 3.93215611]
 [1.27885151 0.31132599 0.26970789]
 [3.45870545 4.00546979 2.63187063]]",[-0.59376615 -1.04473063],"[[(0, 2), (1, 3)], [(0, 1), (2, 3)], [(0, 3), (1, 2)]]","[[ 7.07128555e-01 -1.57207747e-04 -7.07084987e-01 -5.40192725e-05]
 [-9.79076874e-06  7.07110033e-01 -1.12983999e-04 -7.07103520e-01]
 [ 7.07085003e-01  9.96875028e-05  7.07128551e-01 -2.30900897e-05]
 [ 6.73192806e-05  7.07103505e-01 -1.43909622e-04  7.07110039e-01]]",-1.9822600284575007,-1.9822599648940533
"[[0.         0.         0.        ]
 [2.12952317 0.43654245 0.19721191]
 [0.57134469 2.22241638 3.87340475]
 [1.52302061 3.84730694 3.98249145]]",[-1.24378805 -1.0516931 ],"[[(0, 1), (2, 3)], [(0, 3), (1, 2)], [(0, 2), (1, 3)]]","[[ 7.07122819e-01 -7.07090646e-01 -3.49640347e-06  3.68843381e-04]
 [ 7.07090533e-01  7.07122905e-01  1.68581296e-04  3.83460252e-04]
 [ 2.93619611e-04 -7.87219957e-05  7.07093776e-01 -7.07119721e-01]
 [-4.58686727e-04 -9.33592020e-05  7.07119766e-01  7.07093641e-01]]",-1.896955795077179,-1.8969551249089376
"[[0.         0.         0.        ]
 [2.74070177 1.7444591  3.43777028]
 [2.76524817 4.40480188 5.05663768]
 [5.49367883 7.68499149 6.0209067 ]]",[-1.57130582 -1.51159259],"[[(0, 3), (1, 2)], [(0, 1), (2, 3)], [(0, 2), (1, 3)]]","[[ 7.07106782e-01  1.47659437e-05  1.50408518e-05 -7.07106780e-01]
 [-3.51981597e-05  7.07106825e-01 -7.07106735e-01 -3.54730660e-05]
 [-1.45666224e-05  7.07106736e-01  7.07106826e-01  1.52401731e-05]
 [ 7.07106779e-01  3.49988398e-05 -3.56723861e-05  7.07106781e-01]]",-1.8666295007876024,-1.8666287436933875
"[[0.         0.         0.        ]
 [0.75013805 1.44726807 3.99506788]
 [2.59043867 0.45364514 0.83882739]
 [1.06837893 4.45426279 4.65110228]]",[-1.45370797 -1.50686694],"[[(0, 2), (1, 3)], [(0, 3), (1, 2)], [(0, 1), (2, 3)]]","[[ 7.07106571e-01 -2.35982804e-04 -7.07106880e-01  3.20460641e-04]
 [ 3.58336145e-04  7.07106070e-01 -1.98107410e-04 -7.07107374e-01]
 [ 7.07106875e-01  6.71830005e-05  7.07106647e-01  2.27411563e-04]
 [-1.89535881e-04  7.07107450e-01 -1.05058515e-04  7.07106079e-01]]",-1.8677940269120907,-1.8677845223995178
"[[0.         0.         0.        ]
 [3.18902954 3.25820251 1.75398046]
 [4.1853972  4.22798518 3.65350796]
 [2.10831838 0.02860748 2.40745094]]",[-1.52080637 -1.32641015],"[[(0, 3), (1, 2)], [(0, 2), (1, 3)], [(0, 1), (2, 3)]]","[[ 7.07110311e-01 -1.95492335e-04  2.57249310e-04 -7.07103178e-01]
 [ 2.39499827e-04  7.07106239e-01 -7.07107250e-01 -2.13241731e-04]
 [-1.15958556e-03  7.07106416e-01  7.07105343e-01 -1.09784039e-03]
 [ 7.07102260e-01  1.11558576e-03  1.14183989e-03  7.07109500e-01]]",-1.871328800896665,-1.871297620563032
"[[0.         0.         0.        ]
 [1.06488338 1.87713432 0.46886128]
 [2.09589755 5.17215624 2.31113801]
 [2.98128814 1.89141245 3.18574368]]",[-1.25944106 -1.54532123],"[[(0, 1), (2, 3)], [(0, 2), (1, 3)], [(0, 3), (1, 2)]]","[[ 7.07107099e-01 -7.07100824e-01 -2.45855301e-03 -1.38945149e-03]
 [ 7.07103997e-01  7.07109507e-01  2.72608925e-04 -9.33912228e-05]
 [ 3.51565252e-04 -7.17562077e-04  7.07110279e-01 -7.07102832e-01]
 [ 1.83439957e-03 -2.01359893e-03  7.07098956e-01  7.07109359e-01]]",-1.8742135592530549,-1.8741545098085248
"[[0.         0.         0.        ]
 [1.37265414 2.45295092 3.82794853]
 [1.84846896 0.9558786  3.18114725]
 [2.39698271 6.01226979 3.87443609]]",[-1.57133562 -0.90089147],"[[(0, 3), (1, 2)], [(0, 2), (1, 3)], [(0, 1), (2, 3)]]","[[ 0.70710613  0.00141709 -0.00145333 -0.70710451]
 [-0.00126732  0.70710504 -0.70710557  0.00160309]
 [-0.00175559  0.70710528  0.70710383 -0.00179184]
 [ 0.70710411  0.00160583  0.0019416   0.70710496]]",-1.904716490821761,-1.9047036877830974
"[[0.         0.         0.        ]
 [2.45741238 0.48238608 2.78109924]
 [2.87685475 1.15304066 3.03197141]
 [4.57950488 4.86403138 6.08633055]]",[-1.56918404 -0.2648969 ],"[[(0, 3), (1, 2)], [(0, 1), (2, 3)], [(0, 2), (1, 3)]]","[[ 7.07102832e-01  1.92733284e-03  2.33620959e-03 -7.07104245e-01]
 [ 1.25764406e-04  7.07105970e-01 -7.07107525e-01 -2.83118725e-04]
 [-2.11501683e-03  7.07104963e-01  7.07102172e-01  2.14852493e-03]
 [ 7.07107556e-01  6.19249880e-05 -9.54288501e-05  7.07105997e-01]]",-2.064139046173222,-2.064137783166168
"[[0.         0.         0.        ]
 [1.35253105 3.23992453 2.39414611]
 [2.04839649 4.11850787 3.77493072]
 [3.48131373 8.0514283  5.52220968]]",[-1.57147511 -0.96662086],"[[(0, 3), (1, 2)], [(0, 1), (2, 3)], [(0, 2), (1, 3)]]","[[ 7.07106435e-01  4.23154374e-04  5.15696152e-04 -7.07106812e-01]
 [-1.88802142e-04  7.07106705e-01 -7.07106777e-01 -2.81343857e-04]
 [-4.47457115e-04  7.07106699e-01  7.07106551e-01  4.91393391e-04]
 [ 7.07106960e-01  2.13104964e-04 -2.57041006e-04  7.07106523e-01]]",-1.8968642811507301,-1.8968633121026075
"[[0.         0.         0.        ]
 [1.81898234 3.75433182 3.71655237]
 [2.77578592 6.53658825 7.64117855]
 [5.79435318 9.34784678 9.56882137]]",[-1.5708733  -1.56854897],"[[(0, 1), (2, 3)], [(0, 3), (1, 2)], [(0, 2), (1, 3)]]","[[ 0.70710678 -0.70710678  0.          0.        ]
 [ 0.70710678  0.70710678  0.          0.        ]
 [ 0.          0.          0.70710678 -0.70710678]
 [ 0.          0.          0.70710678  0.70710678]]",-1.8663280065120889,-1.8663280355244227
"[[0.         0.         0.        ]
 [3.91662548 0.84162779 1.96361511]
 [2.6686303  0.37639473 0.7289067 ]
 [5.70734602 4.84023983 2.17087722]]",[-1.57238599 -0.99521988],"[[(0, 3), (1, 2)], [(0, 2), (1, 3)], [(0, 1), (2, 3)]]","[[ 7.07038588e-01  8.68276508e-03 -1.05722160e-02 -7.07042624e-01]
 [-9.60688733e-03  7.07098878e-01 -7.06983593e-01  9.64795672e-03]
 [ 6.00629163e-04  7.07061299e-01  7.07150828e-01 -1.29021376e-03]
 [ 7.07109455e-01  3.24260473e-04  3.65314769e-04  7.07103938e-01]]",-1.8935355869048338,-1.893186543751247
"[[0.         0.         0.        ]
 [0.25377496 1.9771089  1.04061502]
 [1.32101612 1.46633701 3.97351861]
 [3.37473856 5.10153202 3.2259011 ]]",[-1.27792269 -1.56598248],"[[(0, 1), (2, 3)], [(0, 3), (1, 2)], [(0, 2), (1, 3)]]","[[ 7.07106978e-01 -7.07097631e-01 -2.55568769e-03  2.47614473e-03]
 [ 7.07102083e-01  7.07111477e-01  3.35802802e-05  4.79695704e-05]
 [ 2.52312748e-03 -2.50870474e-03  7.07101280e-01 -7.07103330e-01]
 [-9.99502692e-07 -8.05498014e-05  7.07107663e-01  7.07105895e-01]]",-1.8731567353127863,-1.8730504335656313
"[[0.         0.         0.        ]
 [1.284175   0.35558752 1.2035561 ]
 [3.08158767 0.07996384 0.71223166]
 [6.18982479 0.69589427 3.73893676]]",[-0.95139887 -1.56725766],"[[(0, 1), (2, 3)], [(0, 3), (1, 2)], [(0, 2), (1, 3)]]","[[ 7.06562991e-01 -7.04175951e-01 -4.94870735e-02  4.95580374e-02]
 [ 7.06020486e-01  7.08187700e-01  1.81599916e-03 -1.39898370e-03]
 [ 4.79974316e-02 -5.10527338e-02  7.05368522e-01 -7.05368779e-01]
 [-2.43633355e-04 -1.73500876e-04  7.07108889e-01  7.07104610e-01]]",-1.8978233833973028,-1.8846808915882722
"[[0.         0.         0.        ]
 [2.33704521 1.17024577 3.50002414]
 [4.09720381 4.29946783 6.06084772]
 [4.22116488 8.10295821 9.49181822]]",[-1.56714786 -1.57042838],"[[(0, 1), (2, 3)], [(0, 3), (1, 2)], [(0, 2), (1, 3)]]","[[ 0.70710678 -0.70710678  0.          0.        ]
 [ 0.70710678  0.70710678  0.          0.        ]
 [ 0.          0.          0.70710678 -0.70710678]
 [ 0.          0.          0.70710678  0.70710678]]",-1.8663291835413616,-1.8663285852285916
"[[0.         0.         0.        ]
 [0.71102327 0.28101201 1.68512807]
 [4.50174441 0.48567962 4.52675074]
 [5.92256445 2.22638787 4.56265467]]",[-1.02414195 -1.27677698],"[[(0, 1), (2, 3)], [(0, 3), (1, 2)], [(0, 2), (1, 3)]]","[[ 7.07103977e-01 -7.07109567e-01 -1.18043329e-04  1.13686027e-04]
 [ 7.07109574e-01  7.07103982e-01  7.35732474e-05  6.00124720e-05]
 [ 1.09082791e-04 -1.22646581e-04  7.07117879e-01 -7.07095664e-01]
 [-6.46161950e-05 -6.89693285e-05  7.07095670e-01  7.07117886e-01]]",-1.8978443301918775,-1.8978440319921015
"[[0.         0.         0.        ]
 [0.25379616 1.35971659 1.80416482]
 [3.03258815 0.59618508 2.79450343]
 [3.20774892 1.44438692 6.14640766]]",[-1.29137044 -1.5423153 ],"[[(0, 1), (2, 3)], [(0, 3), (1, 2)], [(0, 2), (1, 3)]]","[[ 7.07106118e-01 -7.07094590e-01 -3.00180321e-03  3.02799255e-03]
 [ 7.07100428e-01  7.07112993e-01  1.73012054e-04  4.13655115e-04]
 [ 3.13524794e-03 -2.89454610e-03  7.07091457e-01 -7.07109230e-01]
 [-3.06386230e-04 -2.80278120e-04  7.07115712e-01  7.07097728e-01]]",-1.8726659234967509,-1.8724949819925698
"[[0.         0.         0.        ]
 [1.28213439 0.35606401 1.45770046]
 [3.68212591 4.11417789 3.43821631]
 [2.28569304 1.82100528 2.6801073 ]]",[-1.10427261 -1.4565472 ],"[[(0, 1), (2, 3)], [(0, 2), (1, 3)], [(0, 3), (1, 2)]]","[[ 0.70711539 -0.70630536 -0.02345051 -0.02388805]
 [ 0.70674208  0.70742962  0.00697496 -0.0032111 ]
 [-0.00530789 -0.00487863  0.70712848 -0.70704833]
 [ 0.02180121 -0.02553937  0.70666169  0.70675435]]",-1.8845250982446824,-1.879436110150591
"[[0.         0.         0.        ]
 [3.11963997 3.51563507 0.19352927]
 [5.15242419 4.27980247 3.23667248]
 [7.51497336 5.69368928 5.23262668]]",[-1.57152405 -1.53803729],"[[(0, 1), (2, 3)], [(0, 3), (1, 2)], [(0, 2), (1, 3)]]","[[ 7.07106780e-01 -7.07106782e-01  1.91718546e-06 -1.98964342e-06]
 [ 7.07106777e-01  7.07106775e-01  8.24518521e-05  8.31991449e-05]
 [-1.57976224e-06  2.32706664e-06  7.07106732e-01 -7.07106831e-01]
 [-8.27892698e-05 -8.28617272e-05  7.07106826e-01  7.07106727e-01]]",-1.8664251804046814,-1.8664123409451132
"[[0.         0.         0.        ]
 [0.37583334 1.6356853  0.99801985]
 [1.07637694 1.34532168 0.79305824]
 [1.69047386 0.3602115  0.57154221]]",[-1.18025147 -0.18844316],"[[(0, 3), (1, 2)], [(0, 1), (2, 3)], [(0, 2), (1, 3)]]","[[ 0.70184545  0.05258943  0.00414043 -0.71037326]
 [-0.23370948  0.68885625 -0.66112701 -0.18376075]
 [-0.00962544  0.69636729  0.71613125  0.04621666]
 [ 0.67282999  0.19438108 -0.22371849  0.67783909]]",-2.0394368725813337,-2.0296874593795233
"[[0.         0.         0.        ]
 [1.40905058 3.28871237 2.33904369]
 [4.78130252 7.00689676 5.95637353]
 [8.52750043 7.46070774 6.86268057]]",[-1.56622696 -1.55914791],"[[(0, 1), (2, 3)], [(0, 3), (1, 2)], [(0, 2), (1, 3)]]","[[ 0.70710678 -0.70710678  0.          0.        ]
 [ 0.70710678  0.70710678  0.          0.        ]
 [ 0.          0.          0.70710678 -0.70710678]
 [ 0.          0.          0.70710678  0.70710678]]",-1.8663425328393468,-1.866342825167275
"[[0.         0.         0.        ]
 [2.70083564 2.57847221 1.02038364]
 [3.2102175  3.77382783 0.62261102]
 [5.72087162 6.6239738  3.60110165]]",[-1.57032916 -0.60606652],"[[(0, 3), (1, 2)], [(0, 1), (2, 3)], [(0, 2), (1, 3)]]","[[ 7.07106043e-01  1.40764441e-03  1.79164726e-03 -7.07103849e-01]
 [ 3.43869982e-05  7.07106299e-01 -7.07107177e-01 -3.49619300e-04]
 [-1.58861293e-03  7.07105848e-01  7.07104096e-01  1.61067841e-03]
 [ 7.07105734e-01  1.46581136e-04 -1.68651723e-04  7.07107793e-01]]",-1.9564721395261757,-1.956470065585533
"[[0.         0.         0.        ]
 [3.22640394 3.97033251 0.56400982]
 [2.28919552 2.61712088 0.11499438]
 [3.00604197 1.54711506 1.42370422]]",[-1.55453695 -0.87854019],"[[(0, 3), (1, 2)], [(0, 1), (2, 3)], [(0, 2), (1, 3)]]","[[ 0.70703183  0.00109951 -0.00394511 -0.70716987]
 [-0.06297939  0.70531367 -0.70371062 -0.05794466]
 [-0.00828413  0.705404    0.70866952 -0.01113923]
 [ 0.70432306  0.07026108 -0.05062909  0.70457726]]",-1.9036122308138612,-1.8906977086399945
"[[0.         0.         0.        ]
 [2.8065623  2.22359091 2.93473448]
 [3.47359268 2.82110219 5.87029071]
 [5.27181684 6.31369754 7.81947837]]",[-1.57131683 -1.50599172],"[[(0, 3), (1, 2)], [(0, 1), (2, 3)], [(0, 2), (1, 3)]]","[[ 7.07106779e-01  2.06348861e-05  2.11131440e-05 -7.07106783e-01]
 [-3.75368929e-05  7.07106839e-01 -7.07106721e-01 -3.80151472e-05]
 [-2.04508529e-05  7.07106722e-01  7.07106840e-01  2.12971772e-05]
 [ 7.07106783e-01  3.73528611e-05 -3.81991790e-05  7.07106778e-01]]",-1.8666869722040835,-1.8666861782769093
"[[0.         0.         0.        ]
 [3.38052341 0.31615101 1.15533765]
 [3.62317402 3.26950118 3.80338519]
 [0.12354267 2.34974031 3.22787874]]",[-1.54718445 -1.55295227],"[[(0, 1), (2, 3)], [(0, 3), (1, 2)], [(0, 2), (1, 3)]]","[[ 0.70710678 -0.70710678  0.          0.        ]
 [ 0.70710678  0.70710678  0.          0.        ]
 [ 0.          0.          0.70710678 -0.70710678]
 [ 0.          0.          0.70710678  0.70710678]]",-1.8664055201809417,-1.8663968548312002
"[[0.         0.         0.        ]
 [3.88602001 3.46046987 2.5272005 ]
 [1.32853592 1.48811538 3.00970349]
 [5.13818012 4.58262828 4.18485404]]",[-1.55005894 -1.33005323],"[[(0, 2), (1, 3)], [(0, 3), (1, 2)], [(0, 1), (2, 3)]]","[[ 7.07107552e-01 -1.36898619e-04 -7.07105984e-01  1.36359861e-04]
 [ 1.95624016e-04  7.07104202e-01 -7.76343304e-05 -7.07109329e-01]
 [ 7.07104004e-01  1.61435995e-03  7.07105594e-01  1.73233686e-03]
 [-1.67307643e-03  7.07107504e-01 -1.67361994e-03  7.07102098e-01]]",-1.8710303956170493,-1.870957729491447
"[[0.         0.         0.        ]
 [2.86739286 2.5254592  1.96777371]
 [0.01046527 2.90680794 2.08298673]
 [2.53778101 3.37254196 1.53615141]]",[-1.54629382 -0.35528123],"[[(0, 2), (1, 3)], [(0, 1), (2, 3)], [(0, 3), (1, 2)]]","[[ 7.07114247e-01  4.63447617e-04 -7.07099110e-01  2.75000163e-04]
 [-1.83607703e-02  7.06866987e-01 -1.81727807e-02 -7.06874596e-01]
 [ 7.06818003e-01  2.56858540e-02  7.06845751e-01 -1.08457620e-02]
 [-7.78677203e-03  7.06879824e-01 -7.04857378e-03  7.07255681e-01]]",-2.0324611828071113,-2.0323466212267194
"[[0.         0.         0.        ]
 [2.71135523 3.84656441 3.67650179]
 [2.87280781 0.08157088 2.19944627]
 [6.49576821 2.39593603 3.7350146 ]]",[-1.55003157 -1.56327159],"[[(0, 2), (1, 3)], [(0, 3), (1, 2)], [(0, 1), (2, 3)]]","[[ 7.07106932e-01 -3.45252114e-05 -7.07106629e-01  1.91000389e-05]
 [ 2.39591424e-05  7.07106793e-01 -2.96661094e-05 -7.07106768e-01]
 [ 7.07106630e-01  1.27229925e-05  7.07106932e-01  7.01601446e-06]
 [-2.15691392e-06  7.07106768e-01 -1.75820897e-05  7.07106794e-01]]",-1.8663729442608545,-1.8663699388361643
"[[0.         0.         0.        ]
 [1.55015161 1.33372123 0.45354118]
 [4.85171949 4.5393269  3.88156423]
 [3.48019381 2.30253424 3.7225025 ]]",[-1.19637382 -1.42022271],"[[(0, 1), (2, 3)], [(0, 2), (1, 3)], [(0, 3), (1, 2)]]","[[ 7.07105212e-01 -7.07107777e-01 -6.36325789e-04 -6.36762196e-04]
 [ 7.07108051e-01  7.07105429e-01  2.72350578e-04 -2.08308304e-04]
 [-2.40549935e-04 -2.40108750e-04  7.07104571e-01 -7.07108909e-01]
 [ 6.04520893e-04 -6.68566973e-04  7.07108652e-01  7.07104336e-01]]",-1.8795717585250569,-1.8795665784436724
"[[0.         0.         0.        ]
 [2.86845226 0.431003   0.37555871]
 [3.65321602 1.54740336 3.87118402]
 [5.79984085 3.98631932 3.72623011]]",[-1.48149212 -1.52529074],"[[(0, 1), (2, 3)], [(0, 3), (1, 2)], [(0, 2), (1, 3)]]","[[ 7.07106817e-01 -7.07106675e-01 -2.23857987e-04  2.23496966e-04]
 [ 7.07106702e-01  7.07106843e-01  1.14278072e-04  1.11954884e-04]
 [ 2.22515929e-04 -2.24839023e-04  7.07106592e-01 -7.07106899e-01]
 [-1.12935908e-04 -1.13297048e-04  7.07106925e-01  7.07106619e-01]]",-1.8671238867515334,-1.8671131431862933
"[[0.         0.         0.        ]
 [0.131091   3.44923041 3.12747977]
 [1.74484657 0.36946987 1.72907609]
 [4.8072624  3.57455198 3.82388595]]",[-1.37560972 -1.57004059],"[[(0, 2), (1, 3)], [(0, 3), (1, 2)], [(0, 1), (2, 3)]]","[[ 7.07106768e-01 -5.31380072e-04 -7.07106438e-01  4.70725599e-04]
 [ 5.44100882e-04  7.07106563e-01 -4.58004764e-04 -7.07106641e-01]
 [ 7.07106584e-01 -4.02041730e-05  7.07106976e-01  4.58916883e-05]
 [ 2.74835092e-05  7.07106798e-01 -3.31710055e-05  7.07106763e-01]]",-1.8693827875207032,-1.8693730526576653
"[[0.         0.         0.        ]
 [0.8861985  1.86329548 0.77200432]
 [1.10675234 2.51129219 1.99766642]
 [0.76335931 3.88054237 3.22679643]]",[-1.61982603 -0.60197607],"[[(0, 3), (1, 2)], [(0, 1), (2, 3)], [(0, 2), (1, 3)]]","[[ 0.70612077  0.03987226  0.04800449 -0.70533625]
 [-0.06969711  0.7051012  -0.70138781 -0.07765142]
 [-0.03504311  0.70500141  0.70636556  0.05284579]
 [ 0.70378104  0.0649269  -0.08245239  0.70262248]]",-1.9469499294737491,-1.938847051674981
"[[0.         0.         0.        ]
 [2.73442523 2.86025784 3.79584325]
 [1.61288215 2.81286724 2.6569232 ]
 [5.9130238  4.49119048 4.51066414]]",[-1.57082439 -0.81355077],"[[(0, 3), (1, 2)], [(0, 2), (1, 3)], [(0, 1), (2, 3)]]","[[ 7.07106800e-01  5.86790512e-04 -7.15454853e-04 -7.07106157e-01]
 [-4.23577656e-04  7.07105212e-01 -7.07107678e-01  8.78668078e-04]
 [-2.17179101e-03  7.07105255e-01  7.07101230e-01 -2.30045309e-03]
 [ 7.07103301e-01  2.00858240e-03  2.46366277e-03  7.07103117e-01]]",-1.9167495014726283,-1.9167401138336302
"[[0.         0.         0.        ]
 [1.54650891 0.57472931 3.04461625]
 [3.06048212 1.14897267 2.35917162]
 [3.44480545 1.76495603 5.88829363]]",[-1.56984309 -0.95261233],"[[(0, 3), (1, 2)], [(0, 1), (2, 3)], [(0, 2), (1, 3)]]","[[ 7.07097992e-01  3.27151867e-03  2.22575532e-03 -7.07104500e-01]
 [-2.44590791e-03  7.07098111e-01 -7.07109835e-01 -1.40016840e-03]
 [-4.59124431e-03  7.07097857e-01  7.07100220e-01  9.06027720e-04]
 [ 7.07096435e-01  3.76564138e-03 -8.04455928e-05  7.07107096e-01]]",-1.8986854234646189,-1.8986391735726724
"[[0.         0.         0.        ]
 [1.76752552 0.29706418 1.14154372]
 [4.0158564  0.57439712 1.18715545]
 [0.36024502 3.64107104 0.75564212]]",[-1.20590346 -1.57176722],"[[(0, 1), (2, 3)], [(0, 3), (1, 2)], [(0, 2), (1, 3)]]","[[ 7.07155731e-01 -7.06712672e-01 -1.67016316e-02  1.44578016e-02]
 [ 7.06907059e-01  7.07303358e-01  1.81064219e-04 -2.08247382e-03]
 [ 1.44529465e-02 -1.67072001e-02  7.06936140e-01 -7.06932299e-01]
 [ 2.07239416e-03 -1.70275579e-04  7.07080134e-01  7.07130370e-01]]",-1.877173682374366,-1.873125488405587
"[[0.         0.         0.        ]
 [0.84476893 1.46457753 1.38789068]
 [2.36222955 1.39666147 1.9466226 ]
 [3.58190198 5.07580691 4.16950737]]",[-1.5710486  -0.81898501],"[[(0, 3), (1, 2)], [(0, 1), (2, 3)], [(0, 2), (1, 3)]]","[[ 7.06223219e-01  3.35871817e-02  3.70659367e-02 -7.06220067e-01]
 [ 1.41887385e-03  7.06614901e-01 -7.07593741e-01 -2.11319410e-03]
 [-3.53162573e-02  7.06800657e-01  7.05646573e-01  3.53342160e-02]
 [ 7.07106438e-01  3.37868364e-04 -3.56442651e-04  7.07106954e-01]]",-1.9133592855257666,-1.9108255148412996
"[[0.         0.         0.        ]
 [2.72304578 0.27469016 0.95454553]
 [0.16064159 0.75800268 2.90818838]
 [3.79220835 2.50415322 2.15424143]]",[-1.495683 -1.451067],"[[(0, 2), (1, 3)], [(0, 1), (2, 3)], [(0, 3), (1, 2)]]","[[ 7.07105862e-01  1.00416500e-03 -7.07103624e-01  2.18096072e-03]
 [ 1.57050853e-03  7.07098093e-01  3.93679114e-04 -7.07113615e-01]
 [ 7.07101705e-01 -1.22797079e-04  7.07109449e-01  1.84136449e-03]
 [-2.45182912e-03  7.07114745e-01  7.33275524e-04  7.07094186e-01]]",-1.8679190021195562,-1.8674823202928001
"[[0.         0.         0.        ]
 [3.51631996 1.9472256  1.90393994]
 [6.52524353 3.01600432 5.1609248 ]
 [5.72408967 3.07800909 3.08402512]]",[-1.56786333 -1.26605067],"[[(0, 1), (2, 3)], [(0, 2), (1, 3)], [(0, 3), (1, 2)]]","[[ 7.07108328e-01 -7.07105231e-01 -5.01290828e-05 -4.62473275e-05]
 [ 7.07082437e-01  7.07085541e-01  5.38842319e-03 -5.95225535e-03]
 [-5.66837219e-03 -5.67228282e-03  7.07114660e-01 -7.07053429e-01]
 [ 3.30340132e-04  2.33965121e-04  7.07078369e-01  7.07135077e-01]]",-1.8736021169671662,-1.8730461999575057
"[[0.         0.         0.        ]
 [0.15148626 2.61173597 2.0133076 ]
 [0.8668827  1.83556961 3.89000458]
 [0.16528407 0.05681425 1.02085496]]",[-0.37420507 -1.23075765],"[[(0, 3), (1, 2)], [(0, 2), (1, 3)], [(0, 1), (2, 3)]]","[[ 7.07122565e-01 -1.85972622e-02  1.26604523e-02 -7.06732999e-01]
 [ 1.61526670e-02  7.06762146e-01 -7.07105539e-01 -1.51035844e-02]
 [ 4.79234622e-04  7.07204012e-01  7.06988252e-01 -5.46513294e-03]
 [ 7.06906316e-01  1.97414208e-03  3.01360382e-03  7.07298015e-01]]",-2.0358240052251793,-2.035744619536718
"[[0.         0.         0.        ]
 [1.92912767 3.07872105 0.77808007]
 [4.31365134 5.14581302 2.77133249]
 [4.76287587 6.2083515  3.82453218]]",[-1.55260326 -0.78065779],"[[(0, 1), (2, 3)], [(0, 3), (1, 2)], [(0, 2), (1, 3)]]","[[ 7.07100778e-01 -7.07112780e-01 -4.67365423e-05  5.16690292e-05]
 [ 7.07110161e-01  7.07098206e-01  1.66099242e-03  2.14202281e-03]
 [ 2.89720333e-04  1.91310685e-04  7.07106789e-01 -7.07106688e-01]
 [-1.90398983e-03 -1.89902517e-03  7.07104821e-01  7.07103628e-01]]",-1.9219154026341607,-1.9219095601087173
"[[0.         0.         0.        ]
 [2.56983749 0.65359682 0.36266291]
 [3.34433053 1.47273924 0.60815598]
 [3.61892319 4.39494602 1.82070756]]",[-1.57240374 -0.4479881 ],"[[(0, 3), (1, 2)], [(0, 1), (2, 3)], [(0, 2), (1, 3)]]","[[ 0.70688466  0.01628968  0.02167947 -0.70680883]
 [-0.00466855  0.70698794 -0.70713856 -0.01006483]
 [-0.01801016  0.70700909  0.70669333  0.01995812]
 [ 0.70708409  0.00639109 -0.00834206  0.70705138]]",-2.0000852640554125,-1.9999127477969616
"[[0.         0.         0.        ]
 [3.91658265 0.630098   0.56801962]
 [7.27065903 0.72982087 2.27609921]
 [2.22482992 3.84389067 2.68963532]]",[-1.57241384 -1.55621672],"[[(0, 3), (1, 2)], [(0, 1), (2, 3)], [(0, 2), (1, 3)]]","[[ 0.70710678  0.          0.         -0.70710678]
 [ 0.          0.70710678 -0.70710678  0.        ]
 [ 0.          0.70710678  0.70710678  0.        ]
 [ 0.70710678  0.          0.          0.70710678]]",-1.8663494377110106,-1.866343321723713
"[[0.         0.         0.        ]
 [3.91490176 0.50571082 2.59122244]
 [5.858134   0.92365176 6.47783057]
 [1.73233876 2.7735277  2.83330624]]",[-1.57124391 -1.51639697],"[[(0, 2), (1, 3)], [(0, 3), (1, 2)], [(0, 1), (2, 3)]]","[[ 7.07106779e-01  5.18077893e-05 -7.07106781e-01 -2.37461861e-05]
 [-3.82162423e-05  7.07106761e-01  3.73377323e-05 -7.07106799e-01]
 [ 7.07106780e-01  3.43185814e-05  7.07106781e-01  3.34400697e-05]
 [-4.79101282e-05  7.07106798e-01 -1.98485229e-05  7.07106762e-01]]",-1.8665835271029123,-1.8665820705376557
"[[0.         0.         0.        ]
 [0.64745001 3.30601314 3.49191186]
 [3.69843816 6.04493179 7.35227742]
 [3.0451236  2.16261218 3.68189248]]",[-1.57147363 -1.42984996],"[[(0, 2), (1, 3)], [(0, 1), (2, 3)], [(0, 3), (1, 2)]]","[[ 0.70710678  0.         -0.70710678  0.        ]
 [ 0.          0.70710678  0.         -0.70710678]
 [ 0.70710678  0.          0.70710678  0.        ]
 [ 0.          0.70710678  0.          0.70710678]]",-1.8654910162270038,-1.8679494345964818
"[[0.         0.         0.        ]
 [2.69101351 0.77706355 3.8630322 ]
 [3.13234654 2.47487366 5.46863379]
 [5.89515482 3.95156601 9.07187006]]",[-1.5712807  -1.33607203],"[[(0, 3), (1, 2)], [(0, 1), (2, 3)], [(0, 2), (1, 3)]]","[[ 7.07106792e-01  5.00816257e-05  5.43197017e-05 -7.07106766e-01]
 [-4.96054714e-05  7.07106778e-01 -7.07106780e-01 -5.38435494e-05]
 [-5.00609914e-05  7.07106780e-01  7.07106778e-01  5.43403361e-05]
 [ 7.07106766e-01  4.95848370e-05 -5.38641838e-05  7.07106792e-01]]",-1.8707389667045962,-1.8707387558150743
"[[0.         0.         0.        ]
 [0.86020465 0.38951411 0.9050914 ]
 [1.30308987 3.56605878 0.56836049]
 [4.32221657 4.20328521 3.1876639 ]]",[-0.56426255 -1.56181164],"[[(0, 1), (2, 3)], [(0, 3), (1, 2)], [(0, 2), (1, 3)]]","[[ 7.07090936e-01 -7.07066710e-01 -6.28838092e-03  6.28746677e-03]
 [ 7.07089965e-01  7.07123231e-01 -4.76135731e-04  5.40321630e-04]
 [ 6.79627007e-03 -5.77955696e-03  7.07077317e-01 -7.07079964e-01]
 [-3.16224020e-05 -3.25615619e-05  7.07108123e-01  7.07105438e-01]]",-1.9666762956473345,-1.9666492160099704
"[[0.         0.         0.        ]
 [2.36696929 2.19784551 0.3346443 ]
 [3.41909159 1.26537524 2.37848157]
 [3.68224126 2.22913733 1.45505941]]",[-1.52273355 -0.57001677],"[[(0, 1), (2, 3)], [(0, 2), (1, 3)], [(0, 3), (1, 2)]]","[[ 0.70734078 -0.70686597 -0.00294329 -0.00092227]
 [ 0.70069553  0.70085623  0.10158853 -0.08663772]
 [-0.09310072 -0.09517831  0.70288513 -0.69873159]
 [-0.0052011  -0.00906249  0.7040054   0.71011775]]",-1.9516475346143884,-1.9433009309559481
"[[0.         0.         0.        ]
 [0.72075251 1.33353682 2.11955883]
 [1.0355387  3.75295204 2.66449183]
 [4.16873813 6.66260947 6.32351878]]",[-1.57142675 -1.38025126],"[[(0, 3), (1, 2)], [(0, 1), (2, 3)], [(0, 2), (1, 3)]]","[[ 7.07092914e-01  4.37124426e-03  4.70495978e-03 -7.07091484e-01]
 [ 1.49289749e-04  7.07076855e-01 -7.07136666e-01 -1.84816547e-04]
 [-4.53737730e-03  7.07123195e-01  7.07061241e-01  4.53881236e-03]
 [ 7.07106075e-01  1.70406852e-05 -1.84863859e-05  7.07107487e-01]]",-1.8694481577116766,-1.8680786773035756
"[[0.         0.         0.        ]
 [2.2940291  2.2751068  3.60309195]
 [3.89653872 3.13962969 3.02058538]
 [1.50667034 2.2418165  3.89968343]]",[-1.57070914 -0.26154137],"[[(0, 2), (1, 3)], [(0, 3), (1, 2)], [(0, 1), (2, 3)]]","[[ 7.07101044e-01  2.63351306e-04 -7.07112467e-01 -5.74606270e-05]
 [ 8.83332436e-03  7.05760929e-01  9.15358965e-03 -7.08335863e-01]
 [ 7.03779540e-01  5.90932218e-02  7.03783942e-01  7.67496781e-02]
 [-6.80032736e-02  7.05981185e-01 -6.77962651e-02  7.01690664e-01]]",-2.059738018936068,-2.0588566652461395
"[[0.         0.         0.        ]
 [1.69477836 1.61097101 3.78346849]
 [0.31286226 3.02754318 0.80767007]
 [4.28785456 4.92193076 2.43092067]]",[-1.51544561 -1.56943549],"[[(0, 2), (1, 3)], [(0, 3), (1, 2)], [(0, 1), (2, 3)]]","[[ 7.07106788e-01 -2.21599217e-04 -7.07106713e-01  1.93131274e-04]
 [ 2.34379949e-04  7.07106816e-01 -1.80350541e-04 -7.07106685e-01]
 [ 7.07106735e-01 -2.20342888e-05  7.07106826e-01  3.19950961e-05]
 [ 9.25354664e-06  7.07106712e-01 -1.92143574e-05  7.07106850e-01]]",-1.8665914863171231,-1.8665674522004387
"[[0.         0.         0.        ]
 [0.08432156 2.11245087 1.70418223]
 [0.49733375 5.90169994 4.81492315]
 [0.74502375 4.88530151 3.94761219]]",[-1.44172855 -0.60584528],"[[(0, 1), (2, 3)], [(0, 2), (1, 3)], [(0, 3), (1, 2)]]","[[ 7.07083100e-01 -7.07130399e-01 -2.57159798e-04 -1.51659489e-04]
 [ 7.07125189e-01  7.07077721e-01  2.30826807e-03 -3.12015556e-03]
 [-2.66155991e-03 -2.76687462e-03  7.07095926e-01 -7.07107214e-01]
 [ 6.10335994e-04  2.01488549e-04  7.07113822e-01  7.07099448e-01]]",-1.9578094583409487,-1.9578030915118136
"[[0.         0.         0.        ]
 [3.5624495  0.84615822 3.31301165]
 [3.85243853 3.8731924  0.2052173 ]
 [1.74905082 1.88576382 0.12136683]]",[-1.40444509 -1.56795058],"[[(0, 3), (1, 2)], [(0, 1), (2, 3)], [(0, 2), (1, 3)]]","[[ 7.07111711e-01 -2.70457581e-03 -1.97276592e-03 -7.07093927e-01]
 [ 3.38986374e-04  7.07099819e-01 -7.07113553e-01 -3.92782771e-04]
 [ 2.24523813e-03  7.07108561e-01  7.07097254e-01 -2.43211239e-03]
 [ 7.07098205e-01  1.20369314e-04  6.65622262e-05  7.07115344e-01]]",-1.8685346378130303,-1.8681536588692296
"[[0.         0.         0.        ]
 [1.83024381 3.90101377 2.84024657]
 [1.86600363 5.27258606 5.03136458]
 [0.97759049 2.44115062 1.46387152]]",[-1.57211549 -1.2398855 ],"[[(0, 2), (1, 3)], [(0, 3), (1, 2)], [(0, 1), (2, 3)]]","[[ 0.70710172  0.00353429 -0.70709144 -0.00404547]
 [-0.00323751  0.70705246  0.0043423  -0.70714035]
 [ 0.70705976  0.00765213  0.70705819  0.00875583]
 [-0.00794859  0.70711086 -0.0084593   0.70700742]]",-1.8748550860608761,-1.8735473402694682
"[[0.         0.         0.        ]
 [2.50697837 1.69903054 2.51681715]
 [4.52687439 2.20149765 3.56750471]
 [6.83890658 3.67953587 6.09602681]]",[-1.57111737 -1.31634109],"[[(0, 3), (1, 2)], [(0, 1), (2, 3)], [(0, 2), (1, 3)]]","[[ 7.07106689e-01  3.99785488e-04  4.40385260e-04 -7.07106623e-01]
 [-6.42559915e-04  7.07106716e-01 -7.07106224e-01 -6.83159447e-04]
 [-3.87476598e-04  7.07106453e-01  7.07106859e-01  4.52694164e-04]
 [ 7.07106475e-01  6.30251111e-04 -6.95468273e-04  7.07106464e-01]]",-1.8714979445945685,-1.871483843258401
"[[0.         0.         0.        ]
 [0.26145329 0.62606053 0.77090306]
 [3.53759605 3.78248404 0.84205825]
 [2.14514252 1.27370865 3.41631339]]",[-0.3680474  -1.55568939],"[[(0, 1), (2, 3)], [(0, 2), (1, 3)], [(0, 3), (1, 2)]]","[[ 7.07100734e-01 -7.07068045e-01 -5.94378965e-03 -5.29184801e-03]
 [ 7.07097095e-01  7.07115296e-01  9.65887999e-04  8.51160954e-04]
 [ 2.68592204e-04 -3.83299035e-04  7.07102070e-01 -7.07111337e-01]
 [ 4.70941304e-03 -6.52626036e-03  7.07085851e-01  7.07081911e-01]]",-2.028556367561103,-2.0285463114902633
"[[0.         0.         0.        ]
 [2.43023721 2.51907417 0.91943451]
 [1.52371091 1.6821959  3.95931375]
 [1.9003188  2.58524402 5.7094049 ]]",[-1.55080086 -1.13783749],"[[(0, 1), (2, 3)], [(0, 3), (1, 2)], [(0, 2), (1, 3)]]","[[ 7.07108048e-01 -7.07105457e-01  2.12698136e-05  2.84788489e-04]
 [ 7.07098897e-01  7.07102804e-01  2.71704329e-03  3.06464651e-03]
 [ 3.05582406e-04  4.20623624e-05  7.07102111e-01 -7.07111384e-01]
 [-3.04386560e-03 -2.73782244e-03  7.07106231e-01  7.07095479e-01]]",-1.8815858251154765,-1.8815258165759507
"[[ 0.          0.          0.        ]
 [ 3.73143793  1.50870889  3.89956831]
 [ 7.56935971  5.14681741  3.92151705]
 [10.99685745  5.14917259  6.29932189]]",[-1.57171278 -1.56522059],"[[(0, 1), (2, 3)], [(0, 3), (1, 2)], [(0, 2), (1, 3)]]","[[ 0.70710678 -0.70710678  0.          0.        ]
 [ 0.70710678  0.70710678  0.          0.        ]
 [ 0.          0.          0.70710678 -0.70710678]
 [ 0.          0.          0.70710678  0.70710678]]",-1.866330957329423,-1.8663307387428028
"[[0.         0.         0.        ]
 [3.48756569 0.02357105 1.91228197]
 [6.45900239 1.64252477 3.42550433]
 [1.66822277 3.49063057 1.18784877]]",[-1.56294616 -1.55360315],"[[(0, 3), (1, 2)], [(0, 1), (2, 3)], [(0, 2), (1, 3)]]","[[ 7.07106784e-01  1.29576564e-05  3.77040653e-05 -7.07106777e-01]
 [ 2.44635877e-05  7.07106769e-01 -7.07106793e-01 -2.82822054e-07]
 [-5.12529197e-05  7.07106794e-01  7.07106767e-01 -5.91198720e-07]
 [ 7.07106776e-01  1.38316770e-05  3.80124415e-05  7.07106785e-01]]",-1.8663603074737278,-1.8663532922455959
"[[0.         0.         0.        ]
 [1.14430901 2.23110509 1.67010869]
 [3.1280475  3.71401186 0.73088495]
 [0.9154741  2.86561659 0.17571649]]",[-1.5798666  -0.84579851],"[[(0, 2), (1, 3)], [(0, 1), (2, 3)], [(0, 3), (1, 2)]]","[[ 7.06818580e-01  1.47965106e-02 -7.07240093e-01  9.40722422e-05]
 [-2.93419302e-02  7.06573275e-01 -1.46359070e-02 -7.06879798e-01]
 [ 7.06475430e-01  3.54984485e-02  7.06795926e-01 -8.47626034e-03]
 [-2.09526345e-02  7.06594035e-01 -6.06307475e-03  7.07282897e-01]]",-1.9100386909838083,-1.9086213163334638
"[[0.         0.         0.        ]
 [2.40903213 3.35111251 3.64999808]
 [3.20374855 5.74230255 4.45051472]
 [5.7802805  8.10558185 8.13429108]]",[-1.57153869 -1.42484474],"[[(0, 3), (1, 2)], [(0, 1), (2, 3)], [(0, 2), (1, 3)]]","[[ 0.70710678  0.          0.         -0.70710678]
 [ 0.          0.70710678 -0.70710678  0.        ]
 [ 0.          0.70710678  0.70710678  0.        ]
 [ 0.70710678  0.          0.          0.70710678]]",-1.8654287151648097,-1.8680651794691
"[[0.         0.         0.        ]
 [3.80128526 1.66790782 3.06371859]
 [4.22505612 2.75432959 3.96889557]
 [7.99472966 4.50962448 4.14725911]]",[-1.57001419 -0.70584131],"[[(0, 3), (1, 2)], [(0, 1), (2, 3)], [(0, 2), (1, 3)]]","[[ 7.07107033e-01  5.26945001e-05  6.72018827e-05 -7.07106524e-01]
 [-7.61335871e-04  7.07106544e-01 -7.07106183e-01 -7.75843767e-04]
 [-1.37760351e-07  7.07106661e-01  7.07106891e-01  1.19758667e-04]
 [ 7.07106120e-01  7.08779520e-04 -8.28400148e-04  7.07106602e-01]]",-1.9351955729445747,-1.9351947760009078
"[[0.         0.         0.        ]
 [0.4580464  0.9615259  2.15144487]
 [0.67008738 0.82267419 0.32556815]
 [2.44444837 3.0961164  2.21765542]]",[-0.40520065 -1.48240032],"[[(0, 2), (1, 3)], [(0, 3), (1, 2)], [(0, 1), (2, 3)]]","[[ 0.70409359 -0.08005266 -0.70152321  0.07555767]
 [ 0.08840238  0.70234131 -0.06715051 -0.70313051]
 [ 0.70458229 -0.00710749  0.70945383  0.01373099]
 [-0.00101269  0.70728901 -0.00559005  0.70690168]]",-2.0050194594051955,-2.002615290941378
"[[0.         0.         0.        ]
 [0.01490084 1.4946814  2.95859216]
 [0.43101436 0.56110124 1.91719827]
 [4.00626965 4.82798637 6.59350895]]",[-1.56870899 -0.67293217],"[[(0, 3), (1, 2)], [(0, 2), (1, 3)], [(0, 1), (2, 3)]]","[[ 7.05221541e-01  4.58513774e-02 -5.67994763e-02 -7.05219149e-01]
 [-5.13179815e-02  7.06491519e-01 -7.03990637e-01  5.13164778e-02]
 [ 5.63386899e-03  7.06234647e-01  7.07934316e-01 -5.46686983e-03]
 [ 7.07104874e-01 -8.27229587e-05 -8.42497720e-05  7.07108679e-01]]",-1.9368657661084239,-1.9336510253620163
"[[0.         0.         0.        ]
 [1.8309614  3.90235474 0.87739856]
 [2.45387927 0.35156441 1.47139501]
 [4.7433612  7.50343602 2.56802245]]",[-1.47739772 -1.57274479],"[[(0, 2), (1, 3)], [(0, 3), (1, 2)], [(0, 1), (2, 3)]]","[[ 7.07106782e-01 -2.96578066e-04 -7.07106657e-01  2.94781206e-04]
 [ 3.46506717e-04  7.07106780e-01 -2.44852544e-04 -7.07106655e-01]
 [ 7.07106695e-01 -5.67683613e-05  7.07106863e-01  4.48857491e-05]
