geometry,target,edges,coeff,fci,energy
"[[0.         0.         0.        ]
 [2.54784675 1.07914686 0.1638941 ]
 [3.25308096 3.65102231 2.4265431 ]
 [2.91798624 2.17449997 3.7402897 ]
 [2.55880075 4.50876396 0.2982364 ]
 [5.47742254 5.21138644 3.75095209]]",[-1.4551514  -1.13089247 -1.57225967],"[[(0, 1), (2, 3), (4, 5)], [(0, 5), (1, 4), (2, 3)], [(0, 4), (1, 5), (2, 3)], [(0, 1), (2, 4), (3, 5)], [(0, 5), (1, 3), (2, 4)], [(0, 3), (1, 5), (2, 4)], [(0, 1), (2, 5), (3, 4)], [(0, 3), (1, 4), (2, 5)], [(0, 4), (1, 3), (2, 5)], [(0, 2), (1, 4), (3, 5)], [(0, 4), (1, 2), (3, 5)], [(0, 5), (1, 2), (3, 4)], [(0, 3), (1, 2), (4, 5)], [(0, 2), (1, 3), (4, 5)], [(0, 2), (1, 5), (3, 4)]]","[[ 7.07114107e-01 -7.07098724e-01 -6.56250368e-04  1.39363980e-04
  -5.28677197e-04  5.51155938e-04]
 [ 7.07097359e-01  7.07110356e-01  2.77829374e-03  7.40098926e-04
  -4.56414872e-05  1.56887709e-05]
 [-6.20017537e-04 -1.41728794e-03  7.06944157e-01 -7.07265684e-01
   8.14752815e-04 -1.46760603e-03]
 [-1.51267203e-03 -2.00687032e-03  7.07107591e-01  7.06747526e-01
  -1.99600174e-02  1.01030352e-02]
 [ 5.39553560e-04 -5.49743438e-04  1.38939104e-02  1.61695833e-02
   7.06909231e-01 -7.06982496e-01]
 [-7.06500346e-06  1.15454419e-05  5.25576559e-03  4.60045054e-03
   7.07021917e-01  7.07157140e-01]]",-2.815571241274007,-2.813417552958506
"[[0.         0.         0.        ]
 [1.99671941 3.74908514 1.83170987]
 [2.92924515 6.68371464 1.96938485]
 [3.12362439 3.54091175 2.32829067]
 [4.7332311  7.50196755 3.97561874]
 [6.62522356 7.49495357 4.71101802]]",[-1.57194657 -0.51759301 -1.14894139],"[[(0, 2), (1, 3), (4, 5)], [(0, 5), (1, 3), (2, 4)], [(0, 4), (1, 3), (2, 5)], [(0, 3), (1, 2), (4, 5)], [(0, 1), (2, 3), (4, 5)], [(0, 1), (2, 4), (3, 5)], [(0, 3), (1, 5), (2, 4)], [(0, 5), (1, 2), (3, 4)], [(0, 4), (1, 2), (3, 5)], [(0, 5), (1, 4), (2, 3)], [(0, 4), (1, 5), (2, 3)], [(0, 1), (2, 5), (3, 4)], [(0, 3), (1, 4), (2, 5)], [(0, 2), (1, 5), (3, 4)], [(0, 2), (1, 4), (3, 5)]]","[[ 7.07104716e-01  2.83032459e-04 -7.07108737e-01  2.73473364e-04
   1.52643826e-05 -1.84783671e-05]
 [-5.82283822e-03  7.07055805e-01 -5.81328134e-03 -7.07109755e-01
  -3.65074225e-04  2.24501149e-04]
 [ 7.07008224e-01  1.33803511e-02  7.07010178e-01  1.74395053e-03
   6.29984520e-03  7.36314576e-03]
 [-7.84042209e-03  7.07031048e-01 -7.28390369e-03  7.07101524e-01
   7.31452641e-06 -6.55775178e-05]
 [ 5.13261322e-04  2.68380442e-04  5.46981122e-04 -3.29925183e-04
   7.07051617e-01 -7.07161415e-01]
 [-6.83011709e-03 -2.98402283e-05 -6.83332360e-03 -5.80319004e-05
   7.07133785e-01  7.07013763e-01]]",-2.926187524176112,-2.9257591311520246
"[[0.         0.         0.        ]
 [0.8873809  0.22530101 3.22761464]
 [2.71805749 1.89546938 4.06086097]
 [3.69668262 3.84970603 5.48057805]
 [2.37752436 1.99181133 2.2470343 ]
 [3.86939933 0.4533031  2.99683003]]",[-1.57020084 -1.53627391 -1.01785931],"[[(0, 3), (1, 5), (2, 4)], [(0, 1), (2, 4), (3, 5)], [(0, 5), (1, 3), (2, 4)], [(0, 3), (1, 4), (2, 5)], [(0, 1), (2, 5), (3, 4)], [(0, 4), (1, 3), (2, 5)], [(0, 1), (2, 3), (4, 5)], [(0, 3), (1, 2), (4, 5)], [(0, 2), (1, 3), (4, 5)], [(0, 5), (1, 4), (2, 3)], [(0, 2), (1, 4), (3, 5)], [(0, 4), (1, 5), (2, 3)], [(0, 4), (1, 2), (3, 5)], [(0, 5), (1, 2), (3, 4)], [(0, 2), (1, 5), (3, 4)]]","[[ 7.07106773e-01  1.51259551e-04  9.41594766e-04 -7.07105142e-01
  -1.17622781e-03  1.92518583e-04]
 [-2.25696802e-05  7.06432021e-01  2.40954491e-02 -2.75944263e-05
  -2.62307029e-03 -7.07365766e-01]
 [-3.87230213e-04 -3.53219538e-02  7.05900634e-01  1.71953737e-03
  -7.07375057e-01 -8.60673631e-03]
 [ 7.06987286e-01 -4.91866674e-04  1.24426017e-02  7.06982420e-01
   1.37748439e-02 -1.68594430e-04]
 [-1.29879645e-02 -3.98944172e-02  7.05942241e-01 -1.32369862e-02
   7.06661868e-01 -1.84143260e-02]
 [-3.89777673e-04  7.05772151e-01  5.11229080e-02  9.70093967e-06
   7.17790929e-03  7.06555337e-01]]",-2.819196605166935,-2.811822723358692
"[[0.         0.         0.        ]
 [1.91238972 3.52240787 2.41875497]
 [2.41525741 7.26229728 5.10723798]
 [5.12680899 7.67518612 9.0729629 ]
 [4.84187496 4.09352406 6.41408832]
 [4.41035614 4.16105963 3.54509322]]",[-1.57073183 -1.46231644 -1.56743792],"[[(0, 3), (1, 5), (2, 4)], [(0, 2), (1, 5), (3, 4)], [(0, 4), (1, 5), (2, 3)], [(0, 1), (2, 3), (4, 5)], [(0, 3), (1, 2), (4, 5)], [(0, 2), (1, 3), (4, 5)], [(0, 1), (2, 5), (3, 4)], [(0, 3), (1, 4), (2, 5)], [(0, 4), (1, 3), (2, 5)], [(0, 1), (2, 4), (3, 5)], [(0, 5), (1, 3), (2, 4)], [(0, 5), (1, 2), (3, 4)], [(0, 4), (1, 2), (3, 5)], [(0, 5), (1, 4), (2, 3)], [(0, 2), (1, 4), (3, 5)]]","[[ 7.07106781e-01  2.94946174e-05 -5.02479894e-08 -7.07106780e-01
  -1.86557465e-08  3.06540278e-05]
 [ 1.31141204e-06  7.07110121e-01 -1.67197843e-03  1.52582736e-07
  -1.35943219e-03 -7.07100158e-01]
 [-1.58815912e-06  1.42301689e-04  7.07103348e-01 -1.62119513e-06
  -7.07110179e-01 -1.70230831e-04]
 [ 7.07106780e-01 -9.22953653e-07  2.26337462e-06  7.07106782e-01
  -9.46301213e-07  5.37509264e-07]
 [-6.20106925e-07  1.48788949e-03  7.07108236e-01 -6.93862052e-07
   7.07102076e-01 -1.54352296e-03]
 [-2.98816654e-05  7.07101861e-01  4.17930769e-05  3.02669844e-05
   1.38614891e-05  7.07111698e-01]]",-2.800526213669994,-2.8000448902431048
"[[0.         0.         0.        ]
 [3.53216281 2.47862479 0.67379269]
 [1.08722221 3.73548286 1.19970326]
 [1.80261388 1.6269439  1.43651181]
 [3.97702048 6.23041879 4.11737707]
 [5.34029402 6.28224014 5.89398224]]",[-1.57198108 -1.17795844 -1.273167  ],"[[(0, 2), (1, 3), (4, 5)], [(0, 1), (2, 3), (4, 5)], [(0, 5), (1, 3), (2, 4)], [(0, 4), (1, 3), (2, 5)], [(0, 3), (1, 2), (4, 5)], [(0, 5), (1, 4), (2, 3)], [(0, 4), (1, 5), (2, 3)], [(0, 5), (1, 2), (3, 4)], [(0, 4), (1, 2), (3, 5)], [(0, 3), (1, 5), (2, 4)], [(0, 3), (1, 4), (2, 5)], [(0, 2), (1, 4), (3, 5)], [(0, 2), (1, 5), (3, 4)], [(0, 1), (2, 4), (3, 5)], [(0, 1), (2, 5), (3, 4)]]","[[ 7.06969674e-01  6.14361920e-03 -7.07185810e-01 -6.66083946e-03
  -4.62107057e-07 -8.48335078e-07]
 [-2.47524738e-02  7.06925261e-01 -1.19467805e-02 -7.06754033e-01
   2.13184736e-05  2.23974240e-05]
 [ 7.06787307e-01  2.43479134e-02  7.06899127e-01 -1.23490564e-02
   5.48879155e-05  5.99834772e-05]
 [-5.73536804e-03  7.06842351e-01 -6.25508502e-03  7.07320203e-01
  -3.09881517e-05  3.24604581e-05]
 [ 2.07757010e-06  3.23379240e-05  2.45064466e-06  3.11519119e-05
   7.07104023e-01 -7.07109538e-01]
 [-5.59835301e-05 -2.45600887e-05 -5.76983057e-05  2.21076875e-05
   7.07109536e-01  7.07104021e-01]]",-2.8183267566304173,-2.8137590107954806
"[[0.         0.         0.        ]
 [0.70403289 3.21303141 1.62030469]
 [2.84361556 0.96406536 3.47118744]
 [2.59801754 2.9804693  2.17128011]
 [2.35456129 2.87290381 1.54608348]
 [4.97530577 6.60514306 2.94415778]]",[-1.57151875 -1.60080149 -0.19441095],"[[(0, 5), (1, 2), (3, 4)], [(0, 1), (2, 5), (3, 4)], [(0, 2), (1, 5), (3, 4)], [(0, 5), (1, 4), (2, 3)], [(0, 2), (1, 4), (3, 5)], [(0, 3), (1, 4), (2, 5)], [(0, 5), (1, 3), (2, 4)], [(0, 4), (1, 3), (2, 5)], [(0, 2), (1, 3), (4, 5)], [(0, 1), (2, 3), (4, 5)], [(0, 4), (1, 5), (2, 3)], [(0, 1), (2, 4), (3, 5)], [(0, 3), (1, 5), (2, 4)], [(0, 4), (1, 2), (3, 5)], [(0, 3), (1, 2), (4, 5)]]","[[ 7.07106156e-01 -1.59164547e-04 -3.73140059e-05  9.39036144e-04
  -8.37945842e-04 -7.07106267e-01]
 [-4.61596666e-05  7.01929579e-01 -7.02406867e-01  1.01506869e-01
  -6.01316056e-02  3.89660994e-05]
 [ 8.22575602e-05  7.05806984e-01  7.07529118e-01  2.79279651e-02
   2.14256867e-02 -1.02252755e-04]
 [-8.97349811e-04 -8.42207972e-02  7.75204981e-02  7.03029684e-01
  -7.01886820e-01  8.82900129e-04]
 [-4.70549130e-04 -4.51464084e-02 -4.20845216e-03  7.03323955e-01
   7.09421701e-01 -3.66841317e-04]
 [ 7.07106674e-01 -1.40431619e-05  4.73082549e-06  4.24549844e-04
   4.12891510e-04  7.07106640e-01]]",-2.987539165858078,-2.9865961943061716
"[[0.         0.         0.        ]
 [2.2496977  1.762772   0.89447441]
 [1.1687451  2.72628911 0.77373415]
 [0.15253526 1.02090574 0.39318908]
 [4.05388183 5.27654743 2.61933713]
 [4.95820783 8.05915987 5.1973961 ]]",[-0.40838768 -0.68679556 -1.55958887],"[[(0, 3), (1, 2), (4, 5)], [(0, 3), (1, 5), (2, 4)], [(0, 3), (1, 4), (2, 5)], [(0, 5), (1, 2), (3, 4)], [(0, 4), (1, 2), (3, 5)], [(0, 1), (2, 3), (4, 5)], [(0, 5), (1, 4), (2, 3)], [(0, 4), (1, 5), (2, 3)], [(0, 2), (1, 3), (4, 5)], [(0, 5), (1, 3), (2, 4)], [(0, 4), (1, 3), (2, 5)], [(0, 1), (2, 4), (3, 5)], [(0, 1), (2, 5), (3, 4)], [(0, 2), (1, 4), (3, 5)], [(0, 2), (1, 5), (3, 4)]]","[[ 7.09560776e-01 -6.26101435e-02 -1.67028297e-02 -7.01658350e-01
   1.59236762e-04 -1.60783015e-04]
 [ 3.74224632e-03  7.04586574e-01 -7.08350353e-01 -4.22251524e-02
  -5.28531701e-04  5.38227400e-04]
 [ 2.26800520e-02  7.05901432e-01  7.05660146e-01 -5.68515803e-02
  -4.63856521e-04  4.74169381e-04]
 [ 7.04269202e-01  3.66041461e-02 -2.13259355e-03  7.08985524e-01
  -5.61612252e-05  5.55991232e-05]
 [-8.70431647e-05  1.01675316e-03 -6.26530841e-05  1.45245960e-04
   7.07106231e-01 -7.07106577e-01]
 [ 8.64665253e-07 -1.00318687e-05 -3.08630588e-07  2.18733679e-07
   7.07106962e-01  7.07106601e-01]]",-3.012635989291023,-3.011758559968084
"[[0.         0.         0.        ]
 [2.15162439 2.1339112  2.43412556]
 [3.9217435  2.38565147 3.07434544]
 [0.62941402 2.23287792 3.61095455]
 [1.57198462 1.34666084 0.65846557]
 [1.56245097 5.67313714 6.67506221]]",[-1.22765897 -1.0196795  -1.56937874],"[[(0, 4), (1, 2), (3, 5)], [(0, 4), (1, 3), (2, 5)], [(0, 5), (1, 2), (3, 4)], [(0, 3), (1, 2), (4, 5)], [(0, 5), (1, 3), (2, 4)], [(0, 2), (1, 3), (4, 5)], [(0, 5), (1, 4), (2, 3)], [(0, 3), (1, 4), (2, 5)], [(0, 2), (1, 4), (3, 5)], [(0, 4), (1, 5), (2, 3)], [(0, 1), (2, 5), (3, 4)], [(0, 2), (1, 5), (3, 4)], [(0, 1), (2, 3), (4, 5)], [(0, 1), (2, 4), (3, 5)], [(0, 3), (1, 5), (2, 4)]]","[[ 7.07169338e-01 -1.90335862e-02  1.75668294e-02 -3.70381828e-04
  -7.06569444e-01  3.73284932e-04]
 [ 1.91902032e-02  7.05488038e-01 -7.08243475e-01  1.86586145e-03
  -1.74083037e-02 -1.73596500e-03]
 [-3.22841994e-02  7.06631299e-01  7.03628935e-01 -4.11870723e-02
  -3.38097877e-02  4.11920186e-02]
 [ 2.82067806e-04  3.95062357e-02  4.29613202e-02  7.05898108e-01
  -4.56765856e-04 -7.05904494e-01]
 [ 7.06045972e-01  3.21840116e-02  3.38116684e-02 -1.84032832e-03
   7.06621016e-01  1.84355147e-03]
 [-4.70927890e-06 -6.71268913e-05  6.26725428e-05  7.07109950e-01
   1.55513682e-06  7.07103607e-01]]",-2.833049735198764,-2.813224436637581
"[[0.         0.         0.        ]
 [1.98454092 3.07641307 1.73750885]
 [1.5771227  0.42722486 2.25552863]
 [2.88898968 6.09187586 2.34648456]
 [3.06507406 1.22601714 2.61831421]
 [7.05177956 4.94803829 6.56312877]]",[-1.57076129 -1.52164892 -0.91940676],"[[(0, 5), (1, 3), (2, 4)], [(0, 1), (2, 4), (3, 5)], [(0, 3), (1, 5), (2, 4)], [(0, 2), (1, 4), (3, 5)], [(0, 5), (1, 4), (2, 3)], [(0, 3), (1, 4), (2, 5)], [(0, 2), (1, 3), (4, 5)], [(0, 4), (1, 2), (3, 5)], [(0, 5), (1, 2), (3, 4)], [(0, 3), (1, 2), (4, 5)], [(0, 2), (1, 5), (3, 4)], [(0, 4), (1, 3), (2, 5)], [(0, 1), (2, 5), (3, 4)], [(0, 1), (2, 3), (4, 5)], [(0, 4), (1, 5), (2, 3)]]","[[ 7.07021463e-01 -6.12769414e-05  9.96616614e-03  6.14279219e-05
   1.19261376e-02 -7.07021277e-01]
 [-5.78741308e-05  7.06547672e-01  3.50767604e-02 -7.06631918e-01
  -1.52096791e-02  5.73785192e-05]
 [ 9.78327001e-04 -2.44327323e-02  7.06616774e-01  2.58571801e-02
  -7.06700269e-01 -9.77567111e-04]
 [ 2.21783367e-05  7.07193329e-01 -2.21008343e-03  7.07016326e-01
  -7.90795652e-04 -2.21785926e-05]
 [-1.09464602e-02 -8.42741749e-03  7.06652777e-01  1.14302165e-02
   7.07248569e-01  1.09462037e-02]
 [ 7.07106686e-01  2.59345567e-07 -2.40524096e-07 -2.59339942e-07
   5.01111265e-07  7.07106877e-01]]",-2.8336080045980268,-2.831382685533648
"[[0.         0.         0.        ]
 [1.94878513 2.65002414 1.7084302 ]
 [2.10252208 4.39184508 3.77738743]
 [4.79598093 5.54582599 4.76795382]
 [0.56751731 2.64923911 1.75929337]
 [0.47489985 1.41315782 3.81526339]]",[-1.56718688 -0.62041445 -1.50635718],"[[(0, 5), (1, 4), (2, 3)], [(0, 3), (1, 4), (2, 5)], [(0, 2), (1, 4), (3, 5)], [(0, 3), (1, 2), (4, 5)], [(0, 1), (2, 3), (4, 5)], [(0, 2), (1, 3), (4, 5)], [(0, 4), (1, 2), (3, 5)], [(0, 4), (1, 5), (2, 3)], [(0, 5), (1, 2), (3, 4)], [(0, 3), (1, 5), (2, 4)], [(0, 2), (1, 5), (3, 4)], [(0, 1), (2, 4), (3, 5)], [(0, 5), (1, 3), (2, 4)], [(0, 4), (1, 3), (2, 5)], [(0, 1), (2, 5), (3, 4)]]","[[ 7.06946559e-01  7.06657271e-03 -7.02672422e-05  2.64880490e-05
  -4.74872888e-03 -7.07215717e-01]
 [-3.40328141e-02  7.06450306e-01 -4.82628386e-03  6.22563598e-03
  -7.06550870e-01 -2.22159596e-02]
 [-2.40290540e-04  2.16127119e-02  7.06870487e-01 -7.06933654e-01
   1.05697688e-02 -1.91925697e-04]
 [-1.74602935e-04 -1.05738783e-03  7.07151327e-01  7.07061291e-01
   3.58193149e-04 -2.31285745e-04]
 [-8.97676044e-03  7.06482485e-01 -1.57421225e-02  1.64379517e-02
   7.07276131e-01 -6.66105259e-03]
 [ 7.06390586e-01  3.59485756e-02  5.29946048e-05  4.16618432e-04
  -2.02963720e-02  7.06617238e-01]]",-2.883996832015731,-2.8829867130450193
"[[0.         0.         0.        ]
 [1.43259445 1.9773291  1.58671693]
 [2.77877945 2.93448709 2.45534107]
 [5.06860047 3.10501914 1.75259174]
 [5.60978422 6.23118885 3.81328481]
 [2.09515265 0.49319977 0.84008424]]",[-1.56947382 -0.94333648 -1.33412806],"[[(0, 4), (1, 5), (2, 3)], [(0, 2), (1, 5), (3, 4)], [(0, 3), (1, 5), (2, 4)], [(0, 5), (1, 2), (3, 4)], [(0, 4), (1, 2), (3, 5)], [(0, 3), (1, 2), (4, 5)], [(0, 5), (1, 4), (2, 3)], [(0, 5), (1, 3), (2, 4)], [(0, 1), (2, 3), (4, 5)], [(0, 1), (2, 5), (3, 4)], [(0, 1), (2, 4), (3, 5)], [(0, 4), (1, 3), (2, 5)], [(0, 3), (1, 4), (2, 5)], [(0, 2), (1, 3), (4, 5)], [(0, 2), (1, 4), (3, 5)]]","[[ 7.06646258e-01  3.09842905e-02 -1.54089947e-03 -9.73351234e-04
  -7.06651188e-01 -1.82158278e-02]
 [-2.45530396e-02  7.05527477e-01  1.41501284e-02  1.59573785e-02
   2.45672695e-02 -7.07509515e-01]
 [-7.71083538e-04  5.12972887e-02  7.04980495e-01 -7.05644909e-01
  -3.59337239e-04  4.93520893e-02]
 [ 1.71901142e-03 -1.66977807e-02  7.07418251e-01  7.06468032e-01
  -1.87182507e-03  1.33065365e-02]
 [ 7.07110611e-01 -1.14812743e-04  6.49918637e-04 -4.98714446e-04
   7.07102460e-01 -9.88021261e-05]
 [-6.26484342e-03  7.05946678e-01 -4.85684829e-02  5.20802100e-02
   6.55936814e-03  7.04617462e-01]]",-2.8348265450931542,-2.81895896877265
"[[0.         0.         0.        ]
 [2.3171761  2.86896298 0.31671642]
 [4.77895231 5.78001251 3.09683328]
 [0.98306429 0.22594029 2.70765559]
 [3.4349156  2.11713299 3.03074565]
 [5.08576993 3.3697599  4.39006388]]",[-1.47812362 -1.57227031 -1.37415079],"[[(0, 3), (1, 2), (4, 5)], [(0, 1), (2, 3), (4, 5)], [(0, 2), (1, 3), (4, 5)], [(0, 3), (1, 4), (2, 5)], [(0, 1), (2, 5), (3, 4)], [(0, 4), (1, 3), (2, 5)], [(0, 3), (1, 5), (2, 4)], [(0, 2), (1, 4), (3, 5)], [(0, 5), (1, 4), (2, 3)], [(0, 5), (1, 2), (3, 4)], [(0, 2), (1, 5), (3, 4)], [(0, 1), (2, 4), (3, 5)], [(0, 5), (1, 3), (2, 4)], [(0, 4), (1, 2), (3, 5)], [(0, 4), (1, 5), (2, 3)]]","[[ 7.07104290e-01 -1.92434049e-04  2.08421212e-04 -7.07108195e-01
  -8.39318491e-04  8.58707397e-04]
 [ 4.67382905e-04  7.07104287e-01 -7.07102329e-01  6.67504313e-05
   2.12221976e-03  2.25758353e-03]
 [-9.24508815e-07  7.07095627e-01  7.07098242e-01  6.12399734e-06
   3.94621216e-03 -3.50389038e-03]
 [ 7.07106156e-01 -2.75542732e-04  2.69879923e-04  7.07102609e-01
   1.75614219e-03  1.88454426e-03]
 [ 9.13260798e-04 -3.65763757e-03 -3.79245433e-03 -7.84864253e-04
   7.07100725e-01 -7.07092182e-01]
 [-1.83150368e-03 -2.41033691e-03  1.96807098e-03 -1.81085668e-03
   7.07095962e-01  7.07106063e-01]]",-2.8033613819735375,-2.802234584227209
"[[0.         0.         0.        ]
 [1.58331408 2.81333691 3.84487673]
 [0.77620231 3.38899165 2.3009934 ]
 [5.30370571 4.73623527 6.41405647]
 [3.37859578 5.42746715 4.6756517 ]
 [3.65122675 6.24966201 5.80886037]]",[-1.56882405 -1.00916173 -0.65824596],"[[(0, 3), (1, 2), (4, 5)], [(0, 2), (1, 3), (4, 5)], [(0, 1), (2, 3), (4, 5)], [(0, 4), (1, 2), (3, 5)], [(0, 5), (1, 2), (3, 4)], [(0, 2), (1, 4), (3, 5)], [(0, 1), (2, 4), (3, 5)], [(0, 2), (1, 5), (3, 4)], [(0, 1), (2, 5), (3, 4)], [(0, 3), (1, 4), (2, 5)], [(0, 5), (1, 4), (2, 3)], [(0, 3), (1, 5), (2, 4)], [(0, 5), (1, 3), (2, 4)], [(0, 4), (1, 5), (2, 3)], [(0, 4), (1, 3), (2, 5)]]","[[ 7.07112411e-01  5.48622114e-04 -5.21119910e-04 -7.07100742e-01
  -7.02763220e-05 -3.73345348e-05]
 [-5.52836054e-04  7.07118726e-01 -7.07061536e-01  5.16189961e-04
   4.04450830e-03  5.49198817e-03]
 [ 2.55781335e-04  7.07068107e-01  7.07138050e-01  2.83243578e-04
  -1.57483522e-03  2.80083787e-03]
 [ 7.06301721e-01 -2.15008085e-04 -1.50698434e-04  7.06309997e-01
   4.35797214e-02 -1.90999031e-02]
 [-3.13264686e-02  2.92032866e-03  1.47512347e-03 -3.13587063e-02
   7.06341326e-01 -7.06474706e-01]
 [-1.21737216e-02 -5.37818781e-03  4.15834192e-03 -1.22887312e-02
   7.06515319e-01  7.07453656e-01]]",-2.9011852939252583,-2.9000826012217837
"[[0.         0.         0.        ]
 [2.1200378  3.41811046 2.22028213]
 [1.2488152  0.13461663 0.23032677]
 [1.77956354 0.67333042 1.45079808]
 [4.16095554 4.6135869  5.32996204]
 [6.016059   6.13947159 6.05220936]]",[-0.44636129 -1.46473947 -1.38513108],"[[(0, 2), (1, 3), (4, 5)], [(0, 2), (1, 4), (3, 5)], [(0, 2), (1, 5), (3, 4)], [(0, 1), (2, 3), (4, 5)], [(0, 5), (1, 4), (2, 3)], [(0, 4), (1, 5), (2, 3)], [(0, 3), (1, 2), (4, 5)], [(0, 3), (1, 4), (2, 5)], [(0, 3), (1, 5), (2, 4)], [(0, 5), (1, 3), (2, 4)], [(0, 4), (1, 3), (2, 5)], [(0, 5), (1, 2), (3, 4)], [(0, 4), (1, 2), (3, 5)], [(0, 1), (2, 5), (3, 4)], [(0, 1), (2, 4), (3, 5)]]","[[ 6.93880007e-01 -1.67000177e-01 -6.79100480e-01 -1.71650825e-01
   6.99661641e-05 -7.19596692e-05]
 [-8.14935297e-03  7.07743811e-01 -3.81661249e-03 -7.06411711e-01
   3.18228481e-04  3.37030721e-04]
 [ 7.00854515e-01  1.18589901e-02  7.13205657e-01 -5.72136491e-05
   4.82481913e-06 -1.28210759e-05]
 [ 1.65127442e-01  6.86344559e-01 -1.73625061e-01  6.86671936e-01
  -1.77535271e-04  1.83768312e-04]
 [-3.63019874e-05  2.01367730e-04  1.48447558e-05  1.83267169e-04
   7.07108769e-01 -7.07104740e-01]
 [ 7.98910862e-06 -3.31118737e-04  5.60891875e-06  3.24038320e-04
   7.07104696e-01  7.07108714e-01]]",-2.9089884078000248,-2.886009995770313
"[[0.         0.         0.        ]
 [1.76457358 1.52969515 1.15350024]
 [3.05856998 5.07451013 3.39709429]
 [2.07457936 1.57866947 3.89164779]
 [5.93686624 1.76432636 7.33473507]
 [1.79664638 5.12684446 3.27248436]]",[-1.40981431 -0.53315331 -1.57219073],"[[(0, 1), (2, 5), (3, 4)], [(0, 4), (1, 3), (2, 5)], [(0, 3), (1, 4), (2, 5)], [(0, 1), (2, 4), (3, 5)], [(0, 1), (2, 3), (4, 5)], [(0, 5), (1, 3), (2, 4)], [(0, 2), (1, 3), (4, 5)], [(0, 4), (1, 2), (3, 5)], [(0, 4), (1, 5), (2, 3)], [(0, 2), (1, 4), (3, 5)], [(0, 5), (1, 4), (2, 3)], [(0, 3), (1, 5), (2, 4)], [(0, 2), (1, 5), (3, 4)], [(0, 3), (1, 2), (4, 5)], [(0, 5), (1, 2), (3, 4)]]","[[ 7.07131794e-01 -7.07069412e-01 -1.15582943e-04 -2.95366733e-03
   2.95554571e-03 -1.56441134e-05]
 [ 7.07075445e-01  7.07137153e-01  1.09983383e-03  3.57109457e-05
  -8.45671125e-05 -3.78254349e-04]
 [-6.99292375e-04 -7.78355725e-04  7.07100571e-01 -2.50709322e-03
   2.50443996e-03 -7.07103338e-01]
 [ 2.89123430e-03 -3.01867116e-03  4.64359849e-03  7.07096645e-01
  -7.07089220e-01 -3.67415584e-04]
 [ 2.34670697e-05  2.53768705e-05  1.11520821e-05  7.07103040e-01
   7.07110522e-01  8.47413996e-06]
 [-3.03903305e-04 -4.17291527e-04  7.07096879e-01 -2.14818117e-03
   2.12855750e-03  7.07110028e-01]]",-2.9100783987398477,-2.9093209786529464
"[[0.         0.         0.        ]
 [3.66000186 1.51980054 2.18360885]
 [1.52350621 0.5114927  3.60854913]
 [1.53725254 3.0159729  3.68790616]
 [7.39426379 3.94759707 5.27063952]
 [0.1090834  3.03562274 0.42172909]]",[-1.50558453 -1.57329134 -1.38505782],"[[(0, 5), (1, 4), (2, 3)], [(0, 4), (1, 5), (2, 3)], [(0, 1), (2, 3), (4, 5)], [(0, 5), (1, 2), (3, 4)], [(0, 4), (1, 2), (3, 5)], [(0, 3), (1, 2), (4, 5)], [(0, 5), (1, 3), (2, 4)], [(0, 2), (1, 3), (4, 5)], [(0, 4), (1, 3), (2, 5)], [(0, 2), (1, 4), (3, 5)], [(0, 1), (2, 4), (3, 5)], [(0, 2), (1, 5), (3, 4)], [(0, 1), (2, 5), (3, 4)], [(0, 3), (1, 5), (2, 4)], [(0, 3), (1, 4), (2, 5)]]","[[ 7.07109941e-01 -4.98860439e-05  2.43394643e-05  9.29725468e-05
   4.82448627e-05 -7.07103612e-01]
 [ 7.53650598e-05  7.07097404e-01  5.76782923e-03  1.32296040e-03
  -7.07091393e-01 -2.23914165e-05]
 [-5.61796956e-04 -2.26430044e-03  7.07094609e-01 -7.07111462e-01
   2.18049791e-03 -6.30127890e-04]
 [-1.66669221e-04 -3.57132890e-03  7.07095076e-01  7.07100688e-01
   3.51946159e-03 -4.88672945e-05]
 [ 2.42744267e-06  7.07103512e-01  6.78109259e-05 -1.59747593e-05
   7.07110047e-01  7.86962965e-07]
 [ 7.07103375e-01 -3.05461439e-05  7.03502582e-04 -4.88249153e-04
   2.72529840e-05  7.07109668e-01]]",-2.8024797541016078,-2.801713895086513
"[[0.         0.         0.        ]
 [0.57995911 1.37563735 2.31189054]
 [3.41450602 0.60357649 1.11545043]
 [5.98953014 2.22856907 3.17707666]
 [3.1683376  1.76924542 3.03188278]
 [4.24844545 2.0813225  4.67906026]]",[-1.44925737 -1.57078757 -1.11708525],"[[(0, 1), (2, 3), (4, 5)], [(0, 3), (1, 2), (4, 5)], [(0, 2), (1, 3), (4, 5)], [(0, 1), (2, 4), (3, 5)], [(0, 2), (1, 4), (3, 5)], [(0, 3), (1, 5), (2, 4)], [(0, 5), (1, 3), (2, 4)], [(0, 4), (1, 2), (3, 5)], [(0, 1), (2, 5), (3, 4)], [(0, 5), (1, 4), (2, 3)], [(0, 3), (1, 4), (2, 5)], [(0, 5), (1, 2), (3, 4)], [(0, 2), (1, 5), (3, 4)], [(0, 4), (1, 5), (2, 3)], [(0, 4), (1, 3), (2, 5)]]","[[ 7.07098805e-01 -7.07107552e-01 -7.39374646e-04  1.08972703e-03
  -2.13446896e-03  1.97467155e-03]
 [ 7.07057049e-01  7.07050698e-01 -5.91113866e-04  5.37055105e-04
   8.11843726e-03  9.11555649e-03]
 [ 1.23700304e-03 -5.87641551e-04  7.06813459e-01 -7.06855480e-01
   1.81375248e-02  2.09575654e-02]
 [-1.50502480e-04  8.97444539e-05  7.06733094e-01  7.06936073e-01
   2.45320380e-02 -1.29565042e-02]
 [ 2.56190019e-03 -1.55868646e-03 -1.73293957e-02 -2.01552674e-02
   7.06625045e-01 -7.07082393e-01]
 [-8.57282984e-03 -8.68546205e-03 -2.53350440e-02  1.37480258e-02
   7.06880322e-01  7.06640225e-01]]",-2.8172184246621166,-2.808676844299098
"[[0.         0.         0.        ]
 [0.94169361 3.41632117 0.70314203]
 [0.50488113 0.76523941 1.53817378]
 [0.74363165 0.92783566 3.02734974]
 [0.43751282 1.62009322 0.27511439]
 [3.48401043 2.88658154 3.62543686]]",[-0.85508684 -1.55737969 -0.64581042],"[[(0, 4), (1, 5), (2, 3)], [(0, 5), (1, 4), (2, 3)], [(0, 1), (2, 3), (4, 5)], [(0, 3), (1, 5), (2, 4)], [(0, 1), (2, 4), (3, 5)], [(0, 5), (1, 3), (2, 4)], [(0, 2), (1, 4), (3, 5)], [(0, 4), (1, 2), (3, 5)], [(0, 4), (1, 3), (2, 5)], [(0, 2), (1, 5), (3, 4)], [(0, 2), (1, 3), (4, 5)], [(0, 3), (1, 4), (2, 5)], [(0, 5), (1, 2), (3, 4)], [(0, 3), (1, 2), (4, 5)], [(0, 1), (2, 5), (3, 4)]]","[[ 6.96921266e-01 -4.93381011e-02 -1.84073403e-02  1.24152143e-01
  -7.02482180e-01  5.13098613e-02]
 [ 4.28645471e-02  7.05106251e-01  5.66625553e-03 -1.09092645e-02
  -6.05748195e-02 -7.05100970e-01]
 [ 1.18024289e-01 -1.69386775e-02  6.93961812e-01 -7.09586345e-01
  -2.46612913e-02  8.91017593e-03]
 [-1.45149556e-01  4.17297473e-03  7.17964786e-01  6.79352890e-01
  -4.34555708e-02 -5.65895476e-03]
 [ 6.90986208e-01  1.16538370e-02  5.05102920e-02  1.39355453e-01
   7.07356025e-01 -8.85833516e-03]
 [-1.82025039e-03  7.07071978e-01  4.61991478e-03 -3.76309753e-03
  -6.04260074e-04  7.07113877e-01]]",-2.884062719842433,-2.8591464844593464
"[[0.         0.         0.        ]
 [2.8193014  2.683587   2.56066762]
 [6.67620924 5.50109843 6.15744771]
 [0.17861189 0.40465828 1.44060453]
 [9.50027105 7.4216076  6.73772567]
 [7.11990028 6.10090209 9.62699379]]",[-0.73354578 -1.56948174 -1.54176644],"[[(0, 3), (1, 5), (2, 4)], [(0, 3), (1, 4), (2, 5)], [(0, 3), (1, 2), (4, 5)], [(0, 5), (1, 3), (2, 4)], [(0, 4), (1, 3), (2, 5)], [(0, 1), (2, 4), (3, 5)], [(0, 1), (2, 5), (3, 4)], [(0, 2), (1, 3), (4, 5)], [(0, 1), (2, 3), (4, 5)], [(0, 4), (1, 2), (3, 5)], [(0, 5), (1, 2), (3, 4)], [(0, 4), (1, 5), (2, 3)], [(0, 2), (1, 5), (3, 4)], [(0, 5), (1, 4), (2, 3)], [(0, 2), (1, 4), (3, 5)]]","[[ 7.07104834e-01 -2.30447259e-03  7.52240815e-08 -7.07101220e-01
  -4.13203058e-08  2.30401802e-03]
 [ 2.17342723e-03  7.07103840e-01 -6.91004502e-06 -2.43506397e-03
   3.38425649e-06 -7.07102189e-01]
 [-1.82604851e-08 -4.15408227e-05  7.07108934e-01  6.47671121e-08
  -7.07104625e-01 -5.18355779e-05]
 [ 7.07105388e-01  1.33634775e-04 -2.65783900e-08  7.07108150e-01
   2.14618086e-08 -1.28012352e-04]
 [-8.55099804e-09 -1.14128960e-04  7.07104610e-01  1.39365056e-08
   7.07108934e-01 -1.17655080e-04]
 [-2.58645908e-06  7.07105944e-01  1.62580017e-04 -3.03565381e-06
   6.92043120e-05  7.07107596e-01]]",-2.863445201795456,-2.8634012115661407
"[[0.         0.         0.        ]
 [3.68860863 0.20406878 2.74625341]
 [3.03867913 2.88257695 2.88221268]
 [5.884349   3.66787325 6.52084201]
 [2.85365612 3.48576358 0.9994646 ]
 [2.94804204 1.33891923 3.32562502]]",[-1.5714482  -0.64059611 -1.09429805],"[[(0, 3), (1, 5), (2, 4)], [(0, 4), (1, 5), (2, 3)], [(0, 2), (1, 5), (3, 4)], [(0, 3), (1, 4), (2, 5)], [(0, 4), (1, 3), (2, 5)], [(0, 1), (2, 5), (3, 4)], [(0, 1), (2, 4), (3, 5)], [(0, 5), (1, 3), (2, 4)], [(0, 3), (1, 2), (4, 5)], [(0, 4), (1, 2), (3, 5)], [(0, 5), (1, 2), (3, 4)], [(0, 1), (2, 3), (4, 5)], [(0, 2), (1, 3), (4, 5)], [(0, 5), (1, 4), (2, 3)], [(0, 2), (1, 4), (3, 5)]]","[[ 7.07107409e-01  4.44886631e-04  1.30477666e-04 -7.07105982e-01
  -1.56817724e-04  4.92606805e-05]
 [-2.69371144e-04  7.03463747e-01 -9.78746776e-02  8.37060901e-05
   1.03476136e-01 -6.96313086e-01]
 [-1.68258859e-04  9.61234836e-02  6.98999603e-01  1.69278032e-04
  -7.00768108e-01 -1.05279784e-01]
 [ 7.07106020e-01  1.18751078e-04  1.08201810e-04  7.07107508e-01
   1.34823243e-04 -6.37456113e-05]
 [-9.45805868e-05 -3.54945552e-02  7.07369362e-01 -1.44925555e-04
   7.05294153e-01 -3.04770291e-02]
 [-2.79029247e-04  7.03305735e-01  3.80612573e-02  2.13722638e-04
   2.78722562e-02  7.09320377e-01]]",-2.8846756197182115,-2.8681085711896173
"[[0.         0.         0.        ]
 [0.02536851 1.71068795 1.76837541]
 [3.45942168 1.91455943 2.12703907]
 [3.46200904 5.4134722  4.75936169]
 [3.21355264 5.36536266 3.30033107]
 [5.69755468 2.45187001 4.98346619]]",[-1.36539382 -1.55157316 -0.70945349],"[[(0, 1), (2, 5), (3, 4)], [(0, 5), (1, 2), (3, 4)], [(0, 2), (1, 5), (3, 4)], [(0, 1), (2, 4), (3, 5)], [(0, 1), (2, 3), (4, 5)], [(0, 4), (1, 2), (3, 5)], [(0, 3), (1, 2), (4, 5)], [(0, 5), (1, 3), (2, 4)], [(0, 3), (1, 5), (2, 4)], [(0, 3), (1, 4), (2, 5)], [(0, 4), (1, 3), (2, 5)], [(0, 2), (1, 4), (3, 5)], [(0, 2), (1, 3), (4, 5)], [(0, 5), (1, 4), (2, 3)], [(0, 4), (1, 5), (2, 3)]]","[[ 7.07109777e-01 -7.07102436e-01 -9.67820359e-04 -1.21497088e-05
  -4.87995560e-06  9.85458526e-04]
 [ 7.07103016e-01  7.07110526e-01  2.60585824e-05  6.85974462e-05
  -5.00099319e-05  1.47179780e-04]
 [ 1.03701340e-03 -9.16280005e-04  7.07105041e-01  2.42996576e-03
  -2.27587293e-03 -7.07099329e-01]
 [-5.90625149e-05 -5.98435911e-05 -2.77498318e-03  7.07094378e-01
  -7.07111098e-01  1.93084488e-03]
 [-6.22567441e-07 -1.74893153e-05 -2.07640518e-03  7.07110859e-01
   7.07097041e-01 -1.92226038e-03]
 [-9.54794436e-05 -7.78824062e-05  7.07099364e-01  2.42139812e-03
   1.57725549e-03  7.07108282e-01]]",-2.870936043036761,-2.8708904938402915
"[[0.         0.         0.        ]
 [0.16667032 0.67607505 0.80355393]
 [0.47251749 2.12773267 1.2654682 ]
 [3.55739155 2.45834701 0.86234697]
 [2.62475647 2.7544885  4.30501157]
 [3.13874648 4.61371511 2.40639189]]",[-0.34559923 -1.51072204 -1.441024  ],"[[(0, 1), (2, 3), (4, 5)], [(0, 1), (2, 4), (3, 5)], [(0, 1), (2, 5), (3, 4)], [(0, 4), (1, 2), (3, 5)], [(0, 3), (1, 2), (4, 5)], [(0, 5), (1, 2), (3, 4)], [(0, 2), (1, 4), (3, 5)], [(0, 2), (1, 3), (4, 5)], [(0, 2), (1, 5), (3, 4)], [(0, 5), (1, 4), (2, 3)], [(0, 4), (1, 5), (2, 3)], [(0, 5), (1, 3), (2, 4)], [(0, 4), (1, 3), (2, 5)], [(0, 3), (1, 5), (2, 4)], [(0, 3), (1, 4), (2, 5)]]","[[ 7.00838131e-01 -6.88231365e-01 -1.32652343e-01  1.32537368e-01
   7.29417215e-04  4.14147659e-04]
 [ 7.03116089e-01  7.10814460e-01  1.55247838e-02 -1.13619667e-02
  -6.74315050e-04  3.98279914e-05]
 [ 1.20206515e-01 -1.45172323e-01  6.94402204e-01 -6.94463261e-01
  -8.59490495e-04 -1.00488389e-03]
 [-2.00683115e-03 -2.15225701e-03  7.07078642e-01  7.07118726e-01
   2.96602038e-03 -2.33310355e-03]
 [ 1.93979763e-04  5.35379441e-04 -2.68343868e-03 -2.61354267e-03
   7.07116138e-01 -7.07087273e-01]
 [-9.18966489e-05  6.84997199e-04  7.13279410e-04 -1.34420162e-03
   7.07089983e-01  7.07121604e-01]]",-2.949771863439472,-2.941542523390837
"[[0.         0.         0.        ]
 [1.72107447 0.05108093 1.07929287]
 [2.62383757 3.19525988 3.58339274]
 [3.02048629 3.72927779 1.79785702]
 [5.61286156 4.10437721 3.89381415]
 [5.02383139 6.09571897 3.90675277]]",[-1.15443451 -1.06620005 -1.18274511],"[[(0, 1), (2, 3), (4, 5)], [(0, 5), (1, 4), (2, 3)], [(0, 4), (1, 5), (2, 3)], [(0, 1), (2, 4), (3, 5)], [(0, 1), (2, 5), (3, 4)], [(0, 2), (1, 3), (4, 5)], [(0, 3), (1, 2), (4, 5)], [(0, 5), (1, 3), (2, 4)], [(0, 3), (1, 5), (2, 4)], [(0, 5), (1, 2), (3, 4)], [(0, 2), (1, 5), (3, 4)], [(0, 4), (1, 3), (2, 5)], [(0, 4), (1, 2), (3, 5)], [(0, 2), (1, 4), (3, 5)], [(0, 3), (1, 4), (2, 5)]]","[[ 7.07130575e-01 -7.07082385e-01 -9.02227105e-04 -1.89348254e-04
   1.73361631e-05 -1.18886920e-05]
 [ 7.07082901e-01  7.07129679e-01  1.15505366e-03 -2.34450405e-04
  -1.71622895e-05 -4.73048700e-06]
 [-3.38230626e-04 -1.05121717e-03  7.07105022e-01 -7.07097818e-01
   1.16786297e-04  3.73229796e-03]
 [ 8.55760235e-05 -1.00613086e-03  7.07082846e-01  7.07113464e-01
  -2.33572576e-03  4.23345393e-03]
 [-8.86508638e-06  1.34660643e-05  5.09250210e-03  1.47685228e-03
   7.07063909e-01 -7.07129772e-01]
 [ 9.02755282e-06  1.78823292e-05 -2.87312401e-03  9.75715053e-04
   7.07145784e-01  7.07061266e-01]]",-2.8462696098922007,-2.8461435217100695
"[[0.         0.         0.        ]
 [2.81707264 0.158788   3.9527657 ]
 [5.45270691 1.53822973 4.64656395]
 [0.27665921 3.9196386  3.45140616]
 [1.22016581 1.27252448 2.36143463]
 [3.63152936 1.36841553 4.25964635]]",[-1.4853466  -0.68316142 -1.57096636],"[[(0, 4), (1, 5), (2, 3)], [(0, 2), (1, 5), (3, 4)], [(0, 3), (1, 5), (2, 4)], [(0, 3), (1, 4), (2, 5)], [(0, 4), (1, 3), (2, 5)], [(0, 1), (2, 5), (3, 4)], [(0, 2), (1, 4), (3, 5)], [(0, 5), (1, 4), (2, 3)], [(0, 4), (1, 2), (3, 5)], [(0, 5), (1, 2), (3, 4)], [(0, 3), (1, 2), (4, 5)], [(0, 2), (1, 3), (4, 5)], [(0, 1), (2, 3), (4, 5)], [(0, 1), (2, 4), (3, 5)], [(0, 5), (1, 3), (2, 4)]]","[[ 7.07184782e-01 -2.01127061e-03 -4.60913491e-04 -1.46137559e-03
  -7.07023705e-01  8.78583512e-04]
 [-3.58420996e-03  7.05507347e-01 -6.91207596e-02  6.76058847e-02
  -6.55904676e-03 -7.02036524e-01]
 [-3.71109005e-04  6.35585437e-02  7.03740174e-01 -7.03812792e-01
   3.53012664e-04 -7.31940659e-02]
 [ 9.44618704e-04  7.26495138e-04  7.07069109e-01  7.07142332e-01
  -9.80771182e-04 -7.84255603e-04]
 [ 7.06689698e-01  2.71564718e-02 -3.12087120e-04  3.39441548e-04
   7.06794251e-01  1.71426829e-02]
 [-2.15749602e-02  7.05320954e-01  5.00533695e-03 -4.94671962e-03
  -2.26993439e-02  7.08161062e-01]]",-2.8649457107043923,-2.8569514570690653
"[[0.         0.         0.        ]
 [0.28517989 3.82576837 2.83729394]
 [2.5323728  3.56529044 1.5835263 ]
 [3.1904766  6.90934002 4.34717575]
 [5.86598189 6.86961398 2.2491807 ]
 [1.81109846 2.0524473  0.29835669]]",[-1.57230385 -1.20210223 -1.53834976],"[[(0, 1), (2, 5), (3, 4)], [(0, 4), (1, 3), (2, 5)], [(0, 3), (1, 4), (2, 5)], [(0, 5), (1, 2), (3, 4)], [(0, 4), (1, 2), (3, 5)], [(0, 3), (1, 2), (4, 5)], [(0, 5), (1, 3), (2, 4)], [(0, 5), (1, 4), (2, 3)], [(0, 2), (1, 5), (3, 4)], [(0, 4), (1, 5), (2, 3)], [(0, 3), (1, 5), (2, 4)], [(0, 1), (2, 3), (4, 5)], [(0, 2), (1, 3), (4, 5)], [(0, 1), (2, 4), (3, 5)], [(0, 2), (1, 4), (3, 5)]]","[[ 7.07073391e-01 -7.07074775e-01  6.34538152e-03 -8.18264867e-07
   1.42788536e-07 -7.22623013e-03]
 [ 7.07039256e-01  7.07048468e-01  1.05208599e-02  1.32865047e-05
   1.37702135e-05  8.20156305e-03]
 [-7.94528663e-03  5.62633666e-03  7.07053155e-01  4.13112884e-05
   3.03594989e-06 -7.07093383e-01]
 [-1.63398743e-06 -3.21613529e-06  1.84672017e-04  7.07106928e-01
  -7.07106575e-01  2.22930354e-04]
 [-1.40290917e-05 -1.52377843e-05  6.39334844e-05  7.07106574e-01
   7.07106977e-01  1.08314306e-04]
 [-8.92092182e-03 -9.80154240e-03  7.07053637e-01 -2.90125825e-04
   1.17505408e-04  7.07035645e-01]]",-2.8101832033082363,-2.8085502024120377
"[[0.         0.         0.        ]
 [3.91814546 2.81572715 1.29648637]
 [1.25068791 2.61504131 3.49655967]
 [5.44773427 4.46824435 3.50898715]
 [9.35645401 7.60704629 6.50282316]
 [2.43398023 3.54602278 3.39649612]]",[-1.56809802 -1.51522989 -0.7333091 ],"[[(0, 4), (1, 3), (2, 5)], [(0, 1), (2, 5), (3, 4)], [(0, 3), (1, 4), (2, 5)], [(0, 2), (1, 5), (3, 4)], [(0, 4), (1, 5), (2, 3)], [(0, 3), (1, 5), (2, 4)], [(0, 4), (1, 2), (3, 5)], [(0, 2), (1, 4), (3, 5)], [(0, 1), (2, 4), (3, 5)], [(0, 2), (1, 3), (4, 5)], [(0, 5), (1, 3), (2, 4)], [(0, 5), (1, 2), (3, 4)], [(0, 3), (1, 2), (4, 5)], [(0, 1), (2, 3), (4, 5)], [(0, 5), (1, 4), (2, 3)]]","[[ 7.07106484e-01  5.21489208e-06  2.82144727e-04  7.44094798e-06
  -7.07106947e-01  3.25710865e-04]
 [ 1.12574635e-06  7.06825485e-01  1.68410632e-02 -7.07011447e-01
  -1.64904920e-06 -1.57774199e-02]
 [ 2.27280805e-05 -2.26956097e-02  7.07020684e-01  9.92342804e-03
  -2.07751428e-05 -7.06758931e-01]
 [-5.42375421e-06  7.07022890e-01  4.72907983e-03  7.07129092e-01
   5.41311150e-06 -8.04462963e-03]
 [ 7.07107013e-01  2.98517955e-07 -7.77936357e-07 -2.69401493e-07
   7.07106550e-01  1.16232001e-06]
 [-3.04138584e-04  1.13017009e-03  7.06976440e-01  2.18774415e-03
   3.03754406e-04  7.07232681e-01]]",-2.862679363495548,-2.8626393195047366
"[[0.         0.         0.        ]
 [1.30851259 0.5230703  2.56518145]
 [1.76967724 1.21866727 3.80703309]
 [3.38195098 2.16152543 4.44767171]
 [3.8068462  1.35500857 6.81976576]
 [5.13940958 2.75196076 7.60575084]]",[-1.58052648 -0.6985244  -1.18224434],"[[(0, 3), (1, 2), (4, 5)], [(0, 5), (1, 2), (3, 4)], [(0, 4), (1, 2), (3, 5)], [(0, 1), (2, 3), (4, 5)], [(0, 5), (1, 4), (2, 3)], [(0, 4), (1, 5), (2, 3)], [(0, 2), (1, 3), (4, 5)], [(0, 1), (2, 5), (3, 4)], [(0, 2), (1, 5), (3, 4)], [(0, 1), (2, 4), (3, 5)], [(0, 5), (1, 3), (2, 4)], [(0, 4), (1, 3), (2, 5)], [(0, 2), (1, 4), (3, 5)], [(0, 3), (1, 5), (2, 4)], [(0, 3), (1, 4), (2, 5)]]","[[ 7.07068463e-01  9.61746122e-03  1.24421187e-02 -7.06970149e-01
   2.26231324e-04 -2.11330694e-04]
 [-5.52636478e-02  7.06264504e-01 -7.03396456e-01 -5.80429270e-02
  -8.90361008e-04 -1.79213330e-04]
 [-5.47385711e-03  7.06026677e-01  7.07967639e-01  1.65889322e-02
  -1.07399200e-03  1.35800899e-03]
 [ 7.04882206e-01  5.12033418e-02 -6.21255333e-02  7.04583882e-01
   1.08869958e-02  1.01359456e-02]
 [-6.30244144e-04  1.53913030e-03  8.92916245e-04 -1.56033608e-04
   7.07095011e-01 -7.07116015e-01]
 [-1.05277239e-02 -3.68922232e-04  2.49272276e-04 -1.05149148e-02
   7.07033324e-01  7.07023538e-01]]",-2.8754385054527387,-2.8695212786426145
"[[ 0.          0.          0.        ]
 [ 3.33127742  0.37729371  2.50706325]
 [ 7.27955374  1.53938539  5.78786287]
 [ 9.30442496  1.67152813  6.89442746]
 [10.62943745  5.34316597  7.23604729]
 [ 8.05837239  2.97261344  5.88195209]]",[-1.5656523  -0.83466878 -1.56178751],"[[(0, 1), (2, 5), (3, 4)], [(0, 4), (1, 3), (2, 5)], [(0, 3), (1, 4), (2, 5)], [(0, 1), (2, 4), (3, 5)], [(0, 4), (1, 2), (3, 5)], [(0, 2), (1, 4), (3, 5)], [(0, 1), (2, 3), (4, 5)], [(0, 4), (1, 5), (2, 3)], [(0, 5), (1, 4), (2, 3)], [(0, 3), (1, 2), (4, 5)], [(0, 2), (1, 3), (4, 5)], [(0, 5), (1, 2), (3, 4)], [(0, 2), (1, 5), (3, 4)], [(0, 3), (1, 5), (2, 4)], [(0, 5), (1, 3), (2, 4)]]","[[ 7.07106578e-01 -7.07106985e-01 -2.47968362e-07  2.01725295e-08
  -2.08967802e-08  2.50437673e-07]
 [ 7.07106983e-01  7.07106577e-01  3.72265629e-05 -5.83184112e-07
   5.16708677e-07  4.61038774e-05]
 [ 4.67052549e-06  4.17055373e-06  7.05451069e-01 -4.37345322e-02
   4.08845396e-02 -7.06225555e-01]
 [-6.51670537e-07 -6.40426281e-07  6.70779583e-02  7.05352072e-01
  -7.05458848e-01 -1.75161966e-02]
 [ 7.89699038e-08  7.72373340e-08  8.16992064e-04  7.07094471e-01
   7.07115688e-01 -2.03617483e-03]
 [-4.16666196e-05 -4.16647945e-05  7.05576833e-01 -2.41486031e-02
   2.53707155e-02  7.07767264e-01]]",-2.840976757907807,-2.8367543189038225
"[[0.         0.         0.        ]
 [3.39725466 2.17197083 2.48038112]
 [0.21514171 0.26126014 0.62969397]
 [2.54372887 1.99991999 3.61413849]
 [4.96163049 4.43275886 3.96084805]
 [3.45385197 3.17781044 3.84315039]]",[-0.21540247 -0.61575842 -1.0483732 ],"[[(0, 2), (1, 3), (4, 5)], [(0, 2), (1, 4), (3, 5)], [(0, 2), (1, 5), (3, 4)], [(0, 4), (1, 3), (2, 5)], [(0, 5), (1, 3), (2, 4)], [(0, 4), (1, 2), (3, 5)], [(0, 1), (2, 4), (3, 5)], [(0, 4), (1, 5), (2, 3)], [(0, 3), (1, 5), (2, 4)], [(0, 3), (1, 2), (4, 5)], [(0, 1), (2, 3), (4, 5)], [(0, 5), (1, 4), (2, 3)], [(0, 3), (1, 4), (2, 5)], [(0, 5), (1, 2), (3, 4)], [(0, 1), (2, 5), (3, 4)]]","[[ 7.07061548e-01 -1.22478247e-03 -7.07150617e-01 -3.85962410e-06
   3.97541890e-04  5.59854605e-04]
 [ 4.12478374e-04  6.90722324e-01 -9.45064245e-04 -7.02693761e-01
  -8.55299537e-02 -1.47674345e-01]
 [ 7.07151795e-01  5.33339535e-04  7.07061475e-01  6.80069801e-05
  -2.61993211e-04 -2.27012934e-04]
 [ 3.36598651e-04  6.94440223e-01 -9.78001038e-04  7.10200637e-01
  -3.83608951e-02 -1.09065137e-01]
 [ 6.25239732e-05 -6.33632664e-02  3.14073323e-05 -5.05158172e-03
   7.21056191e-01 -6.89954740e-01]
 [-1.35045286e-04  1.91412535e-01  4.73954255e-04 -4.25559704e-02
   6.86506236e-01  7.00185101e-01]]",-3.0702366020830016,-3.0544863145040257
"[[0.         0.         0.        ]
 [2.61348695 0.53490608 1.57008267]
 [0.75091424 1.72294617 3.2645713 ]
 [1.3955979  3.91265056 0.18165151]
 [1.71951363 1.72177689 1.28138536]
 [4.72496214 3.93818208 3.77755807]]",[-1.56812061 -0.72393559 -1.57240261],"[[(0, 2), (1, 4), (3, 5)], [(0, 5), (1, 4), (2, 3)], [(0, 3), (1, 4), (2, 5)], [(0, 1), (2, 4), (3, 5)], [(0, 5), (1, 3), (2, 4)], [(0, 3), (1, 5), (2, 4)], [(0, 5), (1, 2), (3, 4)], [(0, 1), (2, 5), (3, 4)], [(0, 2), (1, 5), (3, 4)], [(0, 4), (1, 2), (3, 5)], [(0, 4), (1, 5), (2, 3)], [(0, 4), (1, 3), (2, 5)], [(0, 3), (1, 2), (4, 5)], [(0, 1), (2, 3), (4, 5)], [(0, 2), (1, 3), (4, 5)]]","[[ 7.06517046e-01  1.93271867e-02 -7.07383048e-01 -2.47591985e-04
  -8.32025864e-03  2.41660694e-04]
 [-5.10723831e-02  7.06107260e-01 -2.34080091e-02 -2.40073431e-02
  -7.05075353e-01  2.34223977e-02]
 [ 7.05722446e-01  4.52161841e-02  7.06438326e-01 -6.42123947e-04
  -2.92473903e-02  6.29152972e-04]
 [-7.78720840e-04  2.08096273e-02 -3.84764878e-04  7.06698989e-01
  -2.66299354e-02 -7.06706156e-01]
 [-1.34349533e-02  7.06088597e-01 -2.45598781e-03  2.63899507e-03
   7.07979489e-01 -3.23136469e-03]
 [-1.73199698e-05  5.88418979e-04 -7.20013029e-06  7.07101654e-01
   4.47975352e-06  7.07111664e-01]]",-2.860025566643732,-2.857052045690675
"[[ 0.          0.          0.        ]
 [ 3.35396191  3.39300774  0.27272844]
 [ 6.11404777  5.13482807  1.18654499]
 [ 6.3667648   7.86683358  4.60032403]
 [10.27984443  9.68113203  7.74100839]
 [ 0.10439401  3.97057374  3.227661  ]]",[-1.57268314 -1.53693578 -1.57283785],"[[(0, 5), (1, 2), (3, 4)], [(0, 4), (1, 2), (3, 5)], [(0, 3), (1, 2), (4, 5)], [(0, 4), (1, 5), (2, 3)], [(0, 1), (2, 3), (4, 5)], [(0, 5), (1, 4), (2, 3)], [(0, 2), (1, 5), (3, 4)], [(0, 3), (1, 5), (2, 4)], [(0, 1), (2, 5), (3, 4)], [(0, 1), (2, 4), (3, 5)], [(0, 5), (1, 3), (2, 4)], [(0, 4), (1, 3), (2, 5)], [(0, 3), (1, 4), (2, 5)], [(0, 2), (1, 3), (4, 5)], [(0, 2), (1, 4), (3, 5)]]","[[ 0.70710678  0.          0.          0.          0.         -0.70710678]
 [ 0.          0.70710678 -0.70710678  0.          0.          0.        ]
 [ 0.          0.70710678  0.70710678  0.          0.          0.        ]
 [ 0.          0.          0.          0.70710678 -0.70710678  0.        ]
